0.000000e+00 8.488183263088009411e-01 -2.568787471209628068e-02 5.280603699513676252e-01 3.956100249344115127e+02 2.294813395775758755e-02 9.996674892249985955e-01 1.174142234275199134e-02 -1.161821264573964925e+02 -5.281860000000000444e-01 2.151999999999999833e-03 8.491260000000000474e-01 1.696242416999999932e+03
1.037359e-01 8.506030104073856180e-01 -2.774365045469893293e-02 5.250763713403732158e-01 3.959548028547318381e+02 2.639354142960173219e-02 9.996011334402921111e-01 1.005873512492352038e-02 -1.161845618920621490e+02 -5.251460000000000017e-01 5.302000000000000289e-03 8.509959999999999747e-01 1.696837735000000066e+03
2.073381e-01 8.531999097317256586e-01 -2.670772148875893981e-02 5.209001871532590311e-01 3.964085513462905510e+02 2.614683129674943984e-02 9.996228400294615568e-01 8.425782704624955322e-03 -1.161741053584123904e+02 -5.209289999999999754e-01 6.431000000000000084e-03 8.535760000000000014e-01 1.697512226000000055e+03
3.110752e-01 8.550793735052768518e-01 -2.638071642621981142e-02 5.178261443651913654e-01 3.967791582026205788e+02 2.657955859963956682e-02 9.996220100155626120e-01 7.034775184485398368e-03 -1.161706073417538221e+02 -5.178160000000000540e-01 7.748999999999999812e-03 8.554570000000000229e-01 1.698153064999999970e+03
4.146917e-01 8.577249828827482325e-01 -2.420689850418352232e-02 5.135385154106342220e-01 3.971080780947741005e+02 2.473701253313639534e-02 9.996767880692855046e-01 5.805426609018005980e-03 -1.161817275704411543e+02 -5.135129999999999972e-01 7.723999999999999963e-03 8.580470000000000041e-01 1.698630985000000010e+03
5.184302e-01 8.598905378508961972e-01 -2.465586342885076748e-02 5.098830343238861529e-01 3.974473123212673613e+02 2.514476328186172546e-02 9.996661816498003672e-01 5.933348481937716912e-03 -1.161725197653722290e+02 -5.098589999999999511e-01 7.719000000000000167e-03 8.602229999999999599e-01 1.699282703000000083e+03
6.220448e-01 8.625517427643454305e-01 -2.285298588549168966e-02 5.054518947039312593e-01 3.978818240294150996e+02 2.397427731581137228e-02 9.997036324050475598e-01 4.287483773957348650e-03 -1.161831201937743856e+02 -5.053999999999999604e-01 8.420000000000000401e-03 8.628440000000000554e-01 1.699939348999999993e+03
7.257977e-01 8.650309455005512627e-01 -1.947024726075921933e-02 5.013402592264261104e-01 3.982741819313883980e+02 2.056812585591189999e-02 9.997827360118362039e-01 3.339766687993033292e-03 -1.161854653914461863e+02 -5.012959999999999638e-01 7.422999999999999911e-03 8.652440000000000131e-01 1.700644068999999945e+03
8.294199e-01 8.668265782087206661e-01 -1.873034860110200928e-02 4.982572215388712533e-01 3.986139993386101992e+02 1.871753860642006231e-02 9.998123834849943492e-01 5.021746652122500640e-03 -1.161612144035385512e+02 -4.982579999999999787e-01 4.972999999999999990e-03 8.670149999999999801e-01 1.701307428999999956e+03
9.331467e-01 8.688846973580200972e-01 -2.052726196186949181e-02 4.945886740791415881e-01 3.989839534146778988e+02 1.924690573887398795e-02 9.997849541331329526e-01 7.683637992270911377e-03 -1.161661637765257922e+02 -4.946400000000000241e-01 2.843000000000000041e-03 8.690930000000000044e-01 1.702000354999999900e+03
1.036910e+00 8.716801802542801791e-01 -2.215215853417941416e-02 4.895751818598074734e-01 3.994396994490287511e+02 2.023491402038151907e-02 9.997531402120778399e-01 9.209709985320111911e-03 -1.161653581576335341e+02 -4.896579999999999822e-01 1.879000000000000028e-03 8.719130000000000491e-01 1.702707206000000042e+03
1.140497e+00 8.729568822697808539e-01 -2.209915887345410834e-02 4.872971481700180130e-01 3.998548250486517190e+02 2.032048248016092226e-02 9.997533298407775826e-01 8.935557654006493281e-03 -1.161754039440436657e+02 -4.873739999999999739e-01 2.102000000000000136e-03 8.731910000000000505e-01 1.703429300000000012e+03
1.244242e+00 8.739046543125450484e-01 -2.262311974011565682e-02 4.855693238150531332e-01 4.002383690045143680e+02 2.094487750988091937e-02 9.997414550851944082e-01 8.883375337280036144e-03 -1.161537435234972975e+02 -4.856449999999999934e-01 2.406999999999999851e-03 8.741529999999999578e-01 1.704165956000000051e+03
1.347979e+00 8.751327213519143333e-01 -2.430397301914670807e-02 4.832722992210905510e-01 4.006910300198455843e+02 2.316428561515294915e-02 9.996974408785562760e-01 8.327153253163958879e-03 -1.161585279782710529e+02 -4.833279999999999799e-01 3.906999999999999883e-03 8.754300000000000415e-01 1.704903741000000082e+03
1.451596e+00 8.758298937900316217e-01 -2.642779126125346587e-02 4.818949805696317035e-01 4.010413465720741328e+02 2.507379224926174766e-02 9.996428417198333083e-01 9.252231265260183260e-03 -1.161449194935845242e+02 -4.819680000000000075e-01 3.980000000000000031e-03 8.761799999999999589e-01 1.705625588999999991e+03
1.555212e+00 8.763633927490797060e-01 -2.898653158284725251e-02 4.807771308424071410e-01 4.014411756300451088e+02 2.800971984512393848e-02 9.995656863090419675e-01 9.208231429122195125e-03 -1.161461769532457566e+02 -4.808350000000000124e-01 5.396999999999999888e-03 8.767939999999999623e-01 1.706380846999999903e+03
1.658960e+00 8.770398107906264284e-01 -2.640074849929158196e-02 4.796917301429368674e-01 4.018369598318626004e+02 2.621712852865036233e-02 9.996309383999500975e-01 7.082334368218369883e-03 -1.161463638781463885e+02 -4.797020000000000173e-01 6.364999999999999998e-03 8.774079999999999657e-01 1.707145882999999912e+03
1.762569e+00 8.776984310692982350e-01 -2.389592554032180308e-02 4.786172023870512438e-01 4.022505110115066032e+02 2.464747496036258714e-02 9.996849007513740615e-01 4.712474648258379618e-03 -1.161495872540103420e+02 -4.785789999999999766e-01 7.660000000000000142e-03 8.780109999999999859e-01 1.707928134000000000e+03
1.866302e+00 8.784049278682024564e-01 -1.968824586525197776e-02 4.775121326830087387e-01 4.026840714815024853e+02 2.059697681207123959e-02 9.997819560296372643e-01 3.332511987603257661e-03 -1.161511790281921037e+02 -4.774740000000000095e-01 6.908000000000000078e-03 8.786190000000000389e-01 1.708716662000000042e+03
1.969923e+00 8.787668165721923552e-01 -1.880833021229210561e-02 4.768797609903000501e-01 4.030409273240279617e+02 1.923126287309603541e-02 9.998071044408017860e-01 3.994253660070619383e-03 -1.161320501112480628e+02 -4.768629999999999813e-01 5.661000000000000233e-03 8.789590000000000458e-01 1.709472948000000088e+03
2.073666e+00 8.795616163402723009e-01 -2.069421795803419450e-02 4.753352626944767900e-01 4.035121161715467224e+02 2.068611589824560781e-02 9.997723567006506773e-01 5.248735628302589676e-03 -1.161451393284415161e+02 -4.753359999999999808e-01 5.217000000000000283e-03 8.797890000000000432e-01 1.710282995999999912e+03
2.177281e+00 8.802037373392672670e-01 -2.193113132569092169e-02 4.740891847421329630e-01 4.039542979056726040e+02 2.177142028891601230e-02 9.997459309791879578e-01 5.827280988687204809e-03 -1.161551743106388699e+02 -4.740969999999999906e-01 5.192999999999999700e-03 8.804570000000000451e-01 1.711090785999999980e+03
2.281017e+00 8.806279922927693349e-01 -2.172816124837698148e-02 4.733105599531303165e-01 4.043506181093374607e+02 2.114193420200319307e-02 9.997546572416756705e-01 6.559499833255237264e-03 -1.161545223124093980e+02 -4.733370000000000077e-01 4.230000000000000253e-03 8.808709999999999596e-01 1.711887232999999924e+03
2.384639e+00 8.811313875669598561e-01 -2.500686118195608390e-02 4.722090178817828221e-01 4.047762441999570342e+02 2.522476143004897739e-02 9.996649258069021382e-01 5.870554216626217015e-03 -1.161652455334483847e+02 -4.721980000000000066e-01 6.739000000000000198e-03 8.814670000000000005e-01 1.712711373000000094e+03
2.488250e+00 8.818831071959004619e-01 -2.553680769860918950e-02 4.707763454881019327e-01 4.052147717735871311e+02 2.586345509534881959e-02 9.996490296095246197e-01 5.776427655658875927e-03 -1.161618265037608921e+02 -4.707589999999999830e-01 7.081999999999999754e-03 8.822339999999999627e-01 1.713458720000000085e+03
2.591988e+00 8.817500953773879102e-01 -2.735265653554998927e-02 4.709219329771967555e-01 4.056322511357225267e+02 2.726398815577495138e-02 9.996035323927887628e-01 7.009956447720377612e-03 -1.161662118324172184e+02 -4.709269999999999845e-01 6.657999999999999856e-03 8.821470000000000145e-01 1.714297086000000036e+03
2.695832e+00 8.819182588264510292e-01 -2.920152662864424625e-02 4.704973343096952032e-01 4.060674203156355020e+02 2.777759311485109364e-02 9.995639170669445850e-01 9.971456229746529162e-03 -1.161610118073282365e+02 -4.705840000000000023e-01 4.275000000000000154e-03 8.823450000000000459e-01 1.715080510999999888e+03
2.799367e+00 8.817114515986425038e-01 -3.077740204722325540e-02 4.707841138082909938e-01 4.065270034304714954e+02 2.744385104332145928e-02 9.995262785013976359e-01 1.394650773844421064e-02 -1.161554704294368605e+02 -4.709900000000000198e-01 6.229999999999999644e-04 8.821379999999999777e-01 1.715975985000000037e+03
2.903084e+00 8.812220294300321388e-01 -2.823262943490978047e-02 4.718583070010770597e-01 4.070405937904037046e+02 2.308907206915895155e-02 9.995943838792016312e-01 1.668936864857850297e-02 -1.161373237383492238e+02 -4.721380000000000021e-01 -3.811999999999999850e-03 8.815159999999999663e-01 1.716835162000000082e+03
3.006768e+00 8.804556424062123243e-01 -3.003444973827034542e-02 4.731757600017202914e-01 4.074513701115142794e+02 2.459333964033888487e-02 9.995409368042769138e-01 1.768308872347798544e-02 -1.161431070587631780e+02 -4.734900000000000220e-01 -3.931999999999999731e-03 8.807909999999999906e-01 1.717648511999999982e+03
3.110441e+00 8.797888467438521598e-01 -3.143533343289598575e-02 4.743234058322028934e-01 4.079109768517465682e+02 2.732997142658195530e-02 9.995059243584262232e-01 1.554818122208686051e-02 -1.161321505616857337e+02 -4.745779999999999998e-01 -7.159999999999999481e-04 8.802130000000000232e-01 1.718452029000000039e+03
3.214057e+00 8.791931801970915838e-01 -2.522292062355157086e-02 4.757979335527247056e-01 4.083224235923431706e+02 2.276381096781736682e-02 9.996811528716793571e-01 1.093142738759357233e-02 -1.161360934716271771e+02 -4.759220000000000117e-01 1.219999999999999947e-03 8.794870000000000188e-01 1.719299066999999923e+03
3.317669e+00 8.784767861097012576e-01 -2.162018698502915851e-02 4.772950799324146565e-01 4.087666595418349971e+02 2.035723237930912519e-02 9.997620436100652652e-01 7.818764106580469025e-03 -1.161417130757889566e+02 -4.773499999999999965e-01 2.847999999999999837e-03 8.787080000000000446e-01 1.720184173999999985e+03
3.421285e+00 8.781882654621079309e-01 -2.292808916448584033e-02 4.777645849330529604e-01 4.092611372976869575e+02 2.162020816432912856e-02 9.997323638769072263e-01 8.237446628090389425e-03 -1.161393628687849571e+02 -4.778259999999999730e-01 3.095000000000000095e-03 8.784490000000000354e-01 1.721043384999999944e+03
3.524925e+00 8.781145494659117201e-01 -3.270517860920630487e-02 4.773308501862642550e-01 4.097207262442568663e+02 3.020499935852997975e-02 9.994603806878904484e-01 1.291392469799950218e-02 -1.161161663570353539e+02 -4.774950000000000028e-01 3.076999999999999874e-03 8.786289999999999933e-01 1.721921280000000024e+03
3.628545e+00 8.782552545276135492e-01 -4.020725399393310778e-02 4.764976708150384654e-01 4.101765183987837986e+02 3.643654266904742395e-02 9.991885372725736181e-01 1.715497080822229667e-02 -1.161042145017938054e+02 -4.768009999999999748e-01 2.295000000000000165e-03 8.790080000000000116e-01 1.722774155000000064e+03
3.732256e+00 8.783800575833375923e-01 -4.927673972145084347e-02 4.754159426237630770e-01 4.107026422171747413e+02 4.739205931720704562e-02 9.987490847470928967e-01 1.595909283930773206e-02 -1.161051790895573248e+02 -4.756079999999999752e-01 8.512999999999999734e-03 8.796159999999999535e-01 1.723713752999999997e+03
3.835871e+00 8.787435507104252030e-01 -4.865575085252604043e-02 4.748063135284222858e-01 4.111099554121691426e+02 4.809336434761865564e-02 9.987533066101869084e-01 1.333889487810056146e-02 -1.160958407039112927e+02 -4.748640000000000083e-01 1.111400000000000061e-02 8.799890000000000212e-01 1.724473205000000007e+03
3.939488e+00 8.797698666247788513e-01 -4.271662968339646343e-02 4.734769843660957545e-01 4.115574178013886808e+02 4.353500722984306182e-02 9.990095578318258784e-01 9.236112413482900144e-03 -1.161074468025079511e+02 -4.734019999999999895e-01 1.248699999999999984e-02 8.807580000000000409e-01 1.725296286999999893e+03
4.043107e+00 8.807094317895546309e-01 -3.772536290763101041e-02 4.721531593611615341e-01 4.120491306558261613e+02 3.862733749095979136e-02 9.992234174539244007e-01 7.787366628024718594e-03 -1.161087625115065833e+02 -4.720799999999999996e-01 1.137900000000000023e-02 8.814819999999999878e-01 1.726214238999999907e+03
4.146888e+00 8.809789303256748694e-01 -4.386245060818157876e-02 4.711178974674206099e-01 4.124767215295657365e+02 4.463734019378946816e-02 9.989574578656992276e-01 9.535673753660706478e-03 -1.160990185717582222e+02 -4.710449999999999915e-01 1.262899999999999960e-02 8.820189999999999975e-01 1.727030242999999928e+03
4.250460e+00 8.813434430953610565e-01 -4.577522368828577937e-02 4.702529779049395842e-01 4.129733690048772132e+02 4.561265062601489034e-02 9.988906137270935348e-01 1.174759331424329346e-02 -1.160786984867077507e+02 -4.702689999999999926e-01 1.109599999999999996e-02 8.824539999999999607e-01 1.727957476999999926e+03
4.354202e+00 8.822444093523912345e-01 -4.092107410622706359e-02 4.690087782322931442e-01 4.134699864535985512e+02 3.947483491116535181e-02 9.991369829656462365e-01 1.291914919019213764e-02 -1.161097978381738329e+02 -4.691330000000000222e-01 7.115999999999999930e-03 8.830989999999999673e-01 1.728918001999999888e+03
4.457940e+00 8.827171249587250079e-01 -4.654823662949630902e-02 4.675944721341864230e-01 4.139391619292168798e+02 4.430655716335566568e-02 9.988928479783902858e-01 1.579710736333602913e-02 -1.160872910311960453e+02 -4.678120000000000056e-01 6.773000000000000374e-03 8.838019999999999765e-01 1.729794875999999931e+03
4.561559e+00 8.830144647175058870e-01 -4.805404093817407934e-02 4.668792295415944427e-01 4.144234465301892669e+02 4.449162219969483856e-02 9.988354599938712441e-01 1.865856661020317414e-02 -1.160840772887542869e+02 -4.672319999999999807e-01 4.296000000000000339e-03 8.841240000000000210e-01 1.730709577000000081e+03
4.665293e+00 8.836017928874781990e-01 -4.100314513931140742e-02 4.664401551619132835e-01 4.148754859553212100e+02 3.517766399182165743e-02 9.991566894498185025e-01 2.119401187282979673e-02 -1.160694128430426559e+02 -4.669159999999999977e-01 -2.318999999999999881e-03 8.842989999999999462e-01 1.731558727999999974e+03
4.768912e+00 8.837199983031115424e-01 -3.696466474480311626e-02 4.665533083471537501e-01 4.153443633606563594e+02 3.092805972151091778e-02 9.993091397045036350e-01 2.059241287337766971e-02 -1.160748362812840924e+02 -4.669920000000000182e-01 -3.769000000000000215e-03 8.842529999999999557e-01 1.732444727000000057e+03
4.872532e+00 8.833858000198826499e-01 -3.688469388011581668e-02 4.671930986682520937e-01 4.158079483832409551e+02 3.154186792184583699e-02 9.993174258852919323e-01 1.925469341776301496e-02 -1.160650695579247724e+02 -4.675839999999999996e-01 -2.272999999999999847e-03 8.839460000000000095e-01 1.733354961999999887e+03
4.976146e+00 8.833088343555910438e-01 -3.707767833304383143e-02 4.673230086241689785e-01 4.162526305775624564e+02 3.292960142789000400e-02 9.993127353761984688e-01 1.704414407507849269e-02 -1.160444843977566762e+02 -4.676339999999999941e-01 3.330000000000000169e-04 8.839219999999999855e-01 1.734229808999999932e+03
5.079909e+00 8.838157397263766146e-01 -3.834351280125980477e-02 4.662619653254644336e-01 4.167367081488882263e+02 3.435442420348190640e-02 9.992642060364669288e-01 1.705434783356411452e-02 -1.160359523620091977e+02 -4.665719999999999867e-01 9.449999999999999850e-04 8.844830000000000192e-01 1.735115348999999924e+03
5.183503e+00 8.843070764248842641e-01 -3.911741124326909708e-02 4.652651845043692669e-01 4.172091300212967440e+02 3.482018513792547315e-02 9.992344369147089234e-01 1.782978641427123215e-02 -1.160375870942542065e+02 -4.656060000000000199e-01 4.330000000000000081e-04 8.849920000000000009e-01 1.736040422000000035e+03
5.287117e+00 8.847355475506802902e-01 -4.129411107540131853e-02 4.642598652310860885e-01 4.175845180900757327e+02 3.664572984825260893e-02 9.991466483385326169e-01 1.903519719707236213e-02 -1.160148548477965420e+02 -4.646500000000000075e-01 1.720000000000000066e-04 8.854950000000000321e-01 1.736753488000000061e+03
5.390861e+00 8.850722543541057474e-01 -3.569184821089698562e-02 4.640823549600363029e-01 4.180558875063222217e+02 3.141790109342054715e-02 9.993626940575282003e-01 1.694154868372308928e-02 -1.160205563716518924e+02 -4.643920000000000270e-01 -4.139999999999999800e-04 8.856300000000000283e-01 1.737610386000000062e+03
5.494473e+00 8.853498204143145367e-01 -2.705276221507264822e-02 4.641371583535590650e-01 4.184975345166178613e+02 2.427284846869057211e-02 9.996336055771463114e-01 1.196571291943588321e-02 -1.160384953176230169e+02 -4.642910000000000093e-01 6.719999999999999628e-04 8.856819999999999693e-01 1.738499211000000059e+03
5.598233e+00 8.856050267713547752e-01 -2.262512688311282480e-02 4.638883729209096196e-01 4.189395202331151040e+02 1.974373258517377397e-02 9.997434479165915322e-01 1.106681703710275973e-02 -1.160560720494190434e+02 -4.640199999999999880e-01 -6.419999999999999925e-04 8.858239999999999448e-01 1.739374195000000100e+03
5.701829e+00 8.858003939289795792e-01 -2.466395998093935671e-02 4.634105814449830385e-01 4.194084361749433469e+02 2.075943808984227062e-02 9.996931528537623679e-01 1.352312326734091651e-02 -1.160451552452032331e+02 -4.636009999999999853e-01 -2.357999999999999853e-03 8.860409999999999675e-01 1.740294973000000027e+03
5.805571e+00 8.857374903465682348e-01 -3.148930804191991950e-02 4.631179317240954885e-01 4.198421782550713601e+02 2.632224862910221078e-02 9.994987311966363475e-01 1.761710239737098241e-02 -1.160418863384937396e+02 -4.634400000000000186e-01 -3.413999999999999934e-03 8.861219999999999652e-01 1.741098392000000104e+03
5.909185e+00 8.857675720928258611e-01 -3.457097345757671053e-02 4.628409245230858948e-01 4.202739420267777746e+02 2.965337757780741809e-02 9.993997046721759814e-01 1.789811309177493509e-02 -1.160133803484566073e+02 -4.631819999999999826e-01 -2.128999999999999816e-03 8.862609999999999655e-01 1.741952373999999963e+03
6.012921e+00 8.855671703587082444e-01 -3.841150521016397507e-02 4.629195484556751228e-01 4.207145618840996235e+02 3.451669168565320994e-02 9.992619627520701320e-01 1.688538791890224072e-02 -1.160111548404258457e+02 -4.632260000000000266e-01 1.026000000000000002e-03 8.862389999999999990e-01 1.742838864000000058e+03
6.116541e+00 8.856723645348599794e-01 -3.914939672682402061e-02 4.626560529289465151e-01 4.211787487333295985e+02 3.586007665755987922e-02 9.992303224475147516e-01 1.590543888658335278e-02 -1.160225800994196561e+02 -4.629229999999999734e-01 2.504000000000000149e-03 8.863950000000000440e-01 1.743688601000000062e+03
6.220278e+00 8.861147227788365166e-01 -4.189701061205161614e-02 4.615683013135795099e-01 4.216199210101861468e+02 3.855567662296078418e-02 9.991174910376736662e-01 1.667255192960220497e-02 -1.160118065601796360e+02 -4.618599999999999928e-01 3.023000000000000079e-03 8.869479999999999587e-01 1.744549886000000015e+03
6.323895e+00 8.865754852102870620e-01 -4.600140471446700213e-02 4.602912482515793546e-01 4.220769952112351575e+02 4.113834171392085487e-02 9.989408047952227365e-01 2.059800788436978378e-02 -1.160099271823676759e+02 -4.607510000000000217e-01 6.740000000000000114e-04 8.875290000000000123e-01 1.745442137000000002e+03
6.427659e+00 8.868100219801566819e-01 -4.971577984603207240e-02 4.594528345304609851e-01 4.225434648729923879e+02 4.294519242687433458e-02 9.987595139721782145e-01 2.518403747450637109e-02 -1.160106752053522285e+02 -4.601350000000000162e-01 -2.602000000000000146e-03 8.878449999999999953e-01 1.746295618000000104e+03
6.531383e+00 8.872480801773391379e-01 -4.918083336138601158e-02 4.586632794336737984e-01 4.229693123490666835e+02 4.125274892365961288e-02 9.987754280590558364e-01 2.729422603053233490e-02 -1.159918794453747211e+02 -4.594440000000000190e-01 -5.296000000000000360e-03 8.881909999999999528e-01 1.747124896000000035e+03
6.634992e+00 8.880347246230305691e-01 -4.699322662506915521e-02 4.573682307715989381e-01 4.234329595719627832e+02 4.023555694879320938e-02 9.988892558256954324e-01 2.451057466055552719e-02 -1.159684734121773033e+02 -4.580119999999999747e-01 -3.363999999999999803e-03 8.889399999999999524e-01 1.748025008000000071e+03
6.738741e+00 8.886980730081955882e-01 -4.171504397820807036e-02 4.565912311737940765e-01 4.238464194766834794e+02 3.818291720608613798e-02 9.991271421578601375e-01 1.696274632759321374e-02 -1.159545710050088019e+02 -4.568999999999999728e-01 2.358999999999999986e-03 8.895149999999999446e-01 1.748837119999999913e+03
6.842350e+00 8.891535159269537969e-01 -3.604475650369960010e-02 4.561864883273644700e-01 4.242415186102163602e+02 3.442652269438029045e-02 9.993364312188651732e-01 1.185926553588590587e-02 -1.159611684220423911e+02 -4.563110000000000221e-01 5.160999999999999789e-03 8.898049999999999571e-01 1.749600901999999905e+03
6.945963e+00 8.897374430968307824e-01 -3.044742920498830913e-02 4.554556843949944533e-01 4.246067518023747311e+02 2.801957092291005799e-02 9.995344591635860754e-01 1.208265222217107249e-02 -1.159661586861418670e+02 -4.556109999999999882e-01 2.011000000000000201e-03 8.901769999999999960e-01 1.750403909000000112e+03
7.049705e+00 8.901196837719920207e-01 -3.288417388545403913e-02 4.545378045286880275e-01 4.250410191996215872e+02 2.962994884824043593e-02 9.994587402501927675e-01 1.428338222446942814e-02 -1.159484438074460400e+02 -4.547619999999999996e-01 7.540000000000000044e-04 8.906129999999999880e-01 1.751244380000000092e+03
7.153323e+00 8.905505469300848409e-01 -3.303615502293983514e-02 4.536829904796927937e-01 4.254335611382500133e+02 2.883048531696717764e-02 9.994531964414006264e-01 1.618633596418746212e-02 -1.159533143628153766e+02 -4.539690000000000114e-01 -1.335000000000000032e-03 8.910160000000000302e-01 1.752072703000000047e+03
7.256934e+00 8.909947963003588267e-01 -3.312114732302005177e-02 4.528027868352333951e-01 4.258341893207866065e+02 2.904107614457037898e-02 9.994508923327037886e-01 1.596218524900337374e-02 -1.159459409080509573e+02 -4.530830000000000135e-01 -1.072999999999999952e-03 8.914680000000000382e-01 1.752865933000000041e+03
7.360549e+00 8.921098025394873510e-01 -2.629077424874657481e-02 4.510535743241986251e-01 4.262064444632458162e+02 2.093601365299340919e-02 9.996383319241396448e-01 1.685693246794234268e-02 -1.159567740857090996e+02 -4.513340000000000130e-01 -5.595000000000000147e-03 8.923379999999999646e-01 1.753604630999999927e+03
7.464167e+00 8.925273545034987377e-01 -2.590079105689620589e-02 4.502495722562318003e-01 4.265569926466436073e+02 2.022350305209760085e-02 9.996437272795321016e-01 1.741505940095573399e-02 -1.159542418431573765e+02 -4.505399999999999960e-01 -6.438000000000000146e-03 8.927329999999999988e-01 1.754318080000000009e+03
7.567786e+00 8.934274459934302692e-01 -2.091605910932153520e-02 4.487212348634858072e-01 4.269341641905005531e+02 1.405068398339738740e-02 9.997275626885139266e-01 1.862459890365104898e-02 -1.159646194275071309e+02 -4.489879999999999982e-01 -1.033500000000000044e-02 8.934779999999999944e-01 1.755068682000000081e+03
7.671396e+00 8.938258942021686249e-01 -2.136503118978876764e-02 4.479056747724351473e-01 4.272933660208354354e+02 1.448511237158511648e-02 9.997189562562260878e-01 1.877968190373248067e-02 -1.159723142885254816e+02 -4.481809999999999961e-01 -1.029799999999999986e-02 8.938840000000000119e-01 1.755821050000000014e+03
7.775144e+00 8.943840426025820856e-01 -2.331479687724082733e-02 4.466926643533448149e-01 4.275966397556636593e+02 1.528311447796043727e-02 9.996499797481233074e-01 2.157535976609233422e-02 -1.159543690905803857e+02 -4.470390000000000197e-01 -1.247000000000000018e-02 8.944269999999999721e-01 1.756452684999999974e+03
7.878754e+00 8.949989601875153467e-01 -2.319455434821029310e-02 4.454655912633741499e-01 4.279679360332355031e+02 1.307130043597769936e-02 9.995824095314184143e-01 2.578599636935799064e-02 -1.159498696008321303e+02 -4.458770000000000233e-01 -1.725600000000000050e-02 8.949279999999999458e-01 1.757195680999999922e+03
7.982493e+00 8.956631080860792959e-01 -2.304345155572325513e-02 4.441352650963490967e-01 4.283007601437464587e+02 1.219267106751601402e-02 9.995539499799586114e-01 2.727224610736331267e-02 -1.159445537554257157e+02 -4.445649999999999880e-01 -1.901200000000000112e-02 8.955450000000000355e-01 1.757877629999999954e+03
8.086111e+00 8.963713919576810074e-01 -1.840182832736501559e-02 4.429226488352581148e-01 4.286376195220586851e+02 8.481181482846877895e-03 9.996675579707985371e-01 2.436788889975662759e-02 -1.159585905960918382e+02 -4.432240000000000069e-01 -1.808600000000000138e-02 8.962290000000000534e-01 1.758603726999999935e+03
8.189849e+00 8.970214327855648984e-01 -1.302937793973678662e-02 4.417955870168465693e-01 4.289300567804755815e+02 5.955491099506510060e-03 9.998307811056683647e-01 1.739581176398286369e-02 -1.159391341603037517e+02 -4.419469999999999787e-01 -1.297300000000000016e-02 8.969470000000000498e-01 1.759201225999999906e+03
8.293470e+00 8.976709724129495749e-01 -1.062567240492449591e-02 4.405379284624190706e-01 4.292808296327950188e+02 6.364817707029617189e-03 9.999173818779463208e-01 1.114927200958655031e-02 -1.159320370846941586e+02 -4.406209999999999849e-01 -7.204999999999999599e-03 8.976650000000000462e-01 1.759944833000000017e+03
8.397102e+00 8.976982139545109929e-01 -8.095756580590083781e-03 4.405357175558221594e-01 4.295753227589935932e+02 4.340902221482062506e-03 9.999454338433068079e-01 9.531253743866936745e-03 -1.159371354503674780e+02 -4.405890000000000084e-01 -6.643999999999999732e-03 8.976840000000000375e-01 1.760533167999999932e+03
8.500847e+00 8.980706393972861523e-01 -6.811682508299819229e-03 4.397978776536620726e-01 4.299281215466114077e+02 1.707217866893898485e-03 9.999270280141328016e-01 1.200062963048667206e-02 -1.159314141349688327e+02 -4.398480000000000167e-01 -1.002699999999999945e-02 8.980160000000000364e-01 1.761262668000000076e+03
8.604438e+00 8.986186049176140278e-01 -1.281350097104103775e-02 4.385428066791309809e-01 4.301650880420062890e+02 7.028212487094648298e-03 9.998655537144194305e-01 1.481315711222278009e-02 -1.159456623837337617e+02 -4.386740000000000084e-01 -1.022900000000000025e-02 8.985880000000000534e-01 1.761802157000000079e+03
8.708175e+00 8.990507541835047745e-01 -1.180062194846855789e-02 4.376857552132388252e-01 4.304389754305583438e+02 7.266760200658445301e-03 9.999011779222691798e-01 1.203107286244376600e-02 -1.159494734664371833e+02 -4.377840000000000065e-01 -7.635000000000000293e-03 8.990479999999999583e-01 1.762329997999999932e+03
8.811795e+00 8.990269186849385585e-01 -1.176671519151634669e-02 4.377341203229706545e-01 4.307152802275385284e+02 9.456688935172026175e-03 9.999272994044324792e-01 7.457216635290022863e-03 -1.159696050043459081e+02 -4.377900000000000125e-01 -2.565000000000000006e-03 8.990730000000000111e-01 1.762889541999999892e+03
8.915403e+00 8.983091336704500662e-01 -1.570252183426933817e-02 4.390837490248685748e-01 4.309719035769142579e+02 1.610316330960468237e-02 9.998662170909184965e-01 2.812015742536829507e-03 -1.159619767828435641e+02 -4.390689999999999871e-01 4.545000000000000429e-03 8.984419999999999629e-01 1.763403446000000031e+03
9.019162e+00 8.971063310000453317e-01 -1.481853107101520697e-02 4.415664131142695292e-01 4.312399924637249455e+02 1.604585943518544583e-02 9.998703799481125643e-01 9.538865743556210414e-04 -1.159620245879213911e+02 -4.415229999999999988e-01 6.230000000000000294e-03 8.972280000000000255e-01 1.763961348000000044e+03
9.122890e+00 8.952974378362946739e-01 -1.231370095624544081e-02 4.452989524195090643e-01 4.314553646478835844e+02 1.182036035314073738e-02 9.999223423123393406e-01 3.884259981125640516e-03 -1.159720320718315918e+02 -4.453119999999999856e-01 1.786000000000000044e-03 8.953740000000000032e-01 1.764440393999999969e+03
9.226512e+00 8.932185494487245858e-01 -1.460461115471669950e-02 4.493863927900483279e-01 4.317094944257431166e+02 1.262392744120821586e-02 9.998931454778805517e-01 7.401906946967973418e-03 -1.159745898372690931e+02 -4.494460000000000122e-01 -9.389999999999999476e-04 8.933069999999999622e-01 1.764935770000000048e+03
9.330247e+00 8.909042614283863015e-01 -2.093223790189873215e-02 4.537084791447568710e-01 4.319527694052441689e+02 1.745167804770412709e-02 9.997775051220435527e-01 1.185739945488853593e-02 -1.159920365353788014e+02 -4.538550000000000084e-01 -2.645999999999999915e-03 8.910709999999999464e-01 1.765432755999999927e+03
9.433986e+00 8.870684913305922903e-01 -2.614780378734806940e-02 4.608977475090245690e-01 4.322051000682153585e+02 2.101397684458353177e-02 9.996468435126276697e-01 1.626715016057356591e-02 -1.159833856661341969e+02 -4.611600000000000144e-01 -4.745000000000000086e-03 8.873039999999999816e-01 1.765894837000000052e+03
9.537749e+00 8.820108065397205266e-01 -2.479890187034917634e-02 4.705765441932835969e-01 4.324216143653649738e+02 1.923986959988390616e-02 9.996766699396856248e-01 1.662078219047516750e-02 -1.159976150906987300e+02 -4.708370000000000055e-01 -5.605999999999999872e-03 8.822020000000000417e-01 1.766374608999999964e+03
9.641587e+00 8.750575617689201335e-01 -2.042118392661899928e-02 4.835873983207464866e-01 4.326351888192825754e+02 1.426495974599539286e-02 9.997633335313634850e-01 1.640533234657881589e-02 -1.159968009374494784e+02 -4.838089999999999891e-01 -7.457000000000000087e-03 8.751419999999999755e-01 1.766793224999999893e+03
9.745342e+00 8.660402730231289148e-01 -1.619733261477196429e-02 4.997124399146202767e-01 4.328844269620785212e+02 8.739661426682584361e-03 9.998124463632942494e-01 1.726103160937281916e-02 -1.159908051499253361e+02 -4.998980000000000090e-01 -1.058100000000000013e-02 8.660200000000000120e-01 1.767242408000000069e+03
9.849229e+00 8.550180215095632974e-01 -1.762124120746515199e-02 5.182988843100251319e-01 4.331194524352310395e+02 9.349228814223476194e-03 9.997843515809338166e-01 1.856754041043146355e-02 -1.159986223023147147e+02 -5.185140000000000304e-01 -1.102999999999999987e-02 8.549980000000000357e-01 1.767610818000000108e+03
9.953059e+00 8.408596200322177028e-01 -1.985011244592384955e-02 5.408894461901866402e-01 4.333967486354411562e+02 1.083358096943147671e-02 9.997443766466901360e-01 1.984837537912629429e-02 -1.160009771793111923e+02 -5.411449999999999871e-01 -1.082999999999999935e-02 8.408590000000000231e-01 1.768018927000000076e+03
1.005693e+01 8.247277179623535570e-01 -2.093999097558780706e-02 5.651428971847045624e-01 4.336709714447402462e+02 1.049786048840463046e-02 9.997084769405408800e-01 2.172216379368543254e-02 -1.159945639964774244e+02 -5.654329999999999634e-01 -1.198199999999999960e-02 8.247069999999999679e-01 1.768381088999999974e+03
1.016083e+01 8.056922977318815571e-01 -2.319877257450434632e-02 5.918804985621214376e-01 4.339433988246311173e+02 1.086075598089317716e-02 9.996433948293326210e-01 2.439684537561581656e-02 -1.159972572957920391e+02 -5.922349999999999559e-01 -1.322800000000000017e-02 8.056569999999999565e-01 1.768760927999999922e+03
1.026466e+01 7.828150596410240469e-01 -2.450959602095691137e-02 6.217712604692943179e-01 4.342364749872867833e+02 1.004789830843879316e-02 9.995917045033053672e-01 2.675280661079539740e-02 -1.159906296561727856e+02 -6.221729999999999761e-01 -1.469499999999999973e-02 7.827420000000000488e-01 1.769079066000000012e+03
1.036867e+01 7.559706699268576857e-01 -2.483250808370180904e-02 6.541342839277827226e-01 4.345319067813554170e+02 8.431841423716416803e-03 9.995665489952408889e-01 2.820160754475349932e-02 -1.159906026305838225e+02 -6.545509999999999939e-01 -1.580399999999999860e-02 7.558529999999999971e-01 1.769421100999999908e+03
1.047264e+01 7.253542505725074641e-01 -2.595641144101781470e-02 6.878863969164136227e-01 4.348541848497491173e+02 7.935295759016232006e-03 9.995375275956817074e-01 2.934837656913727791e-02 -1.159805424874979849e+02 -6.883299999999999974e-01 -1.582899999999999932e-02 7.252250000000000085e-01 1.769717621999999892e+03
1.057663e+01 6.898977676516788726e-01 -2.446349971212187849e-02 7.234935321677300468e-01 4.351624682698520701e+02 4.932416790348399804e-03 9.995648692595432427e-01 2.909477371529469586e-02 -1.159625003647796291e+02 -7.238900000000000334e-01 -1.650400000000000131e-02 6.897180000000000533e-01 1.770000835999999936e+03
1.068062e+01 6.488819713826853297e-01 -2.297265237262303278e-02 7.605425259237142965e-01 4.354278399954034739e+02 2.845653017589422178e-03 9.996102036523792922e-01 2.776532280156838658e-02 -1.159817930147557377e+02 -7.608840000000000048e-01 -1.585200000000000151e-02 6.486939999999999928e-01 1.770212473000000045e+03
1.078461e+01 6.034996179283458329e-01 -2.331968593033393461e-02 7.970216985278015809e-01 4.358068924812292835e+02 2.304276030352422899e-03 9.996189620570670176e-01 2.750283995333831916e-02 -1.159801327922412639e+02 -7.973599999999999577e-01 -1.476200000000000082e-02 6.033239999999999714e-01 1.770454545000000053e+03
1.088875e+01 5.529736893301555600e-01 -2.304769482731727076e-02 8.328799233793640067e-01 4.361289277999822502e+02 2.374860829652943256e-04 9.996219352330627528e-01 2.750413710433649225e-02 -1.159544914179695070e+02 -8.331990000000000229e-01 -1.501100000000000004e-02 5.527699999999999836e-01 1.770652955999999904e+03
1.099272e+01 4.982934634351201542e-01 -2.229181058168258969e-02 8.667216729000684072e-01 4.364835861699183965e+02 -9.151616742101981433e-04 9.996556399270152271e-01 2.623721139162206104e-02 -1.159346753589649381e+02 -8.670080000000000009e-01 -1.386800000000000012e-02 4.981010000000000160e-01 1.770830778000000009e+03
1.109659e+01 4.404301397272709639e-01 -2.182094240114621983e-02 8.975221538959592404e-01 4.369239989533780886e+02 -9.281909434918355099e-04 9.996933248874622091e-01 2.476040298100342860e-02 -1.159489196972307639e+02 -8.977870000000000017e-01 -1.173899999999999944e-02 4.402739999999999987e-01 1.770967906999999968e+03
1.120057e+01 3.809935238446391925e-01 -2.177298206531381314e-02 9.243211505647894732e-01 4.372632222853425787e+02 -1.700854156502866563e-03 9.997044965562463803e-01 2.425028384642237758e-02 -1.159383439223863803e+02 -9.245759999999999534e-01 -1.081099999999999943e-02 3.808440000000000158e-01 1.771097713999999996e+03
1.130431e+01 3.200425635005416103e-01 -2.391780732879096247e-02 9.471011852184840762e-01 4.376805206179593597e+02 -2.938938521257947710e-03 9.996518222488206540e-01 2.623780125252123119e-02 -1.159402058825986472e+02 -9.473989999999999911e-01 -1.118000000000000070e-02 3.198610000000000064e-01 1.771193543000000091e+03
1.140818e+01 2.591357210632818653e-01 -2.566461009472906923e-02 9.654999957042532666e-01 4.380257184112920186e+02 -5.327872401991055884e-03 9.995935719904027739e-01 2.800064163873673337e-02 -1.159174506537804064e+02 -9.658259999999999623e-01 -1.239999999999999956e-02 2.588940000000000130e-01 1.771279972999999927e+03
1.151192e+01 1.971677154382177610e-01 -2.745342332550796891e-02 9.799847650834389023e-01 4.383752775668245363e+02 -7.393600949979680162e-03 9.995381714409808938e-01 2.948847621723982640e-02 -1.159129559373116507e+02 -9.803420000000000467e-01 -1.306000000000000043e-02 1.968739999999999934e-01 1.771322161999999935e+03
1.161553e+01 1.357657023175558864e-01 -2.789248849538916719e-02 9.903483445860328249e-01 4.388031959006678449e+02 -6.661286525911781775e-03 9.995556006212562572e-01 2.906555336163587841e-02 -1.159094888661157370e+02 -9.907190000000000163e-01 -1.054300000000000029e-02 1.355190000000000006e-01 1.771351135000000113e+03
1.171927e+01 7.708840493445393016e-02 -2.843958159711810693e-02 9.966183992929960045e-01 4.391523150501606096e+02 -3.329206702907915819e-03 9.995806433371209332e-01 2.878198517553553007e-02 -1.159058317293050919e+02 -9.970189999999999886e-01 -5.536000000000000122e-03 7.696200000000000263e-02 1.771322793999999931e+03
1.182277e+01 2.019306459084050515e-02 -2.780061431081864640e-02 9.994094691735624369e-01 4.395590304503982111e+02 -6.130790471259447809e-03 9.995909295640065251e-01 2.792896588513775133e-02 -1.158895644381639158e+02 -9.997770000000000268e-01 -6.690999999999999899e-03 2.001400000000000054e-02 1.771322118000000046e+03
1.192638e+01 -3.480218210235084403e-02 -2.783349602887231003e-02 9.990061820023307115e-01 4.398991366517194024e+02 -1.147059213913369062e-02 9.995578117045531563e-01 2.744951989551347102e-02 -1.158811865185675174e+02 -9.993279999999999941e-01 -1.050399999999999945e-02 -3.510599999999999832e-02 1.771275137000000086e+03
1.203000e+01 -8.673335204176062241e-02 -2.670552471706203607e-02 9.958740179958450733e-01 4.403001190700160237e+02 -1.459041663893670231e-02 9.995678475373390715e-01 2.553330106211413111e-02 -1.158917659112812117e+02 -9.961250000000000382e-01 -1.231499999999999956e-02 -8.708499999999999575e-02 1.771250612999999930e+03
1.213361e+01 -1.338696590780281415e-01 -2.472889158474784674e-02 9.906906810678502984e-01 4.407111953464844873e+02 -9.558033424629193420e-03 9.996739204118895161e-01 2.366174362295184880e-02 -1.158486248453688177e+02 -9.909529999999999728e-01 -6.301000000000000177e-03 -1.340619999999999867e-01 1.771161391999999978e+03
1.223710e+01 -1.761468244268439287e-01 -2.525383455550800349e-02 9.840399505752236431e-01 4.409935412043934662e+02 2.430779833874131737e-03 9.996570421104132853e-01 2.608996351492958582e-02 -1.158802218423445822e+02 -9.843610000000000415e-01 6.987000000000000155e-03 -1.760249999999999870e-01 1.771013736000000108e+03
1.234060e+01 -2.132236521907889815e-01 -2.660340014350596680e-02 9.766407847302518430e-01 4.413750470356413871e+02 9.024164849481612974e-03 9.995332127071878681e-01 2.919750992774990464e-02 -1.158593687191709733e+02 -9.769619999999999971e-01 1.503900000000000028e-02 -2.128839999999999899e-01 1.770916048000000046e+03
1.244411e+01 -2.475659112620880176e-01 -2.492475079197180310e-02 9.685504950932539714e-01 4.417697698838841234e+02 4.004259553356516455e-03 9.996342193931454512e-01 2.674854800710139979e-02 -1.158689615016860586e+02 -9.688630000000000297e-01 1.050099999999999992e-02 -2.473760000000000125e-01 1.770828985999999986e+03
1.254767e+01 -2.786313212268053952e-01 -2.354905656601066766e-02 9.601090880496511160e-01 4.420829924960187896e+02 -7.395962338376352828e-03 9.997221420522215407e-01 2.237531750816489778e-02 -1.158512437091082319e+02 -9.603699999999999459e-01 -8.660000000000000163e-04 -2.787279999999999758e-01 1.770709849999999960e+03
1.265107e+01 -3.071842288886638128e-01 -2.238301751735404660e-02 9.513862855990448120e-01 4.424594871101281228e+02 -1.501917057523243122e-02 9.997133139668339386e-01 1.867108448618553379e-02 -1.158420775903652498e+02 -9.515310000000000157e-01 -8.554000000000000839e-03 -3.074319999999999831e-01 1.770600687999999991e+03
1.275469e+01 -3.323973108460291925e-01 -2.094413406598196956e-02 9.429068498809953791e-01 4.428370606173257329e+02 -1.448237702568897119e-02 9.997484623728843944e-01 1.710073586289873396e-02 -1.158345566219796439e+02 -9.430279999999999774e-01 -7.971000000000000654e-03 -3.326180000000000248e-01 1.770490510000000086e+03
1.285806e+01 -3.541578948761605061e-01 -1.695947800869782029e-02 9.350319792414940601e-01 4.432007115995408526e+02 -8.768197648542364053e-03 9.998517197346389329e-01 1.481454573162082310e-02 -1.158392115449218949e+02 -9.351450000000000040e-01 -2.952000000000000197e-03 -3.542540000000000133e-01 1.770307162999999946e+03
1.296167e+01 -3.738548751897001754e-01 -7.874829553301451388e-03 9.274535740648748305e-01 4.435515736744160904e+02 -7.036198611083395275e-04 9.999662244311775527e-01 8.206388663534161867e-03 -1.158444742291853657e+02 -9.274869999999999504e-01 2.415000000000000046e-03 -3.738469999999999849e-01 1.770132460000000037e+03
