0.848924 -0.025808 0.527885 395.609 0.0231521 0.999664 0.01164 -116.183 -0.528007 0.00234045 0.849237 1696.27
0.850812 -0.0269256 0.524781 395.986 0.0254535 0.999626 0.0100213 -116.18 -0.524854 0.00483163 0.851179 1696.85
0.852914 -0.0273518 0.521335 396.375 0.02689 0.999602 0.00845096 -116.178 -0.521359 0.00681107 0.853311 1697.46
0.855198 -0.0267507 0.517611 396.757 0.0270097 0.99961 0.00703485 -116.177 -0.517597 0.00796468 0.855587 1698.08
0.857602 -0.0252406 0.513694 397.127 0.0259004 0.999647 0.00587721 -116.176 -0.51366 0.00826489 0.857954 1698.7
0.860065 -0.0232976 0.509652 397.492 0.0240781 0.999697 0.00506506 -116.176 -0.509615 0.00791553 0.860366 1699.33
0.862515 -0.0214175 0.505578 397.858 0.0220776 0.999745 0.0046864 -116.176 -0.505549 0.00712022 0.862769 1699.96
0.864898 -0.0200884 0.501545 398.233 0.0204254 0.99978 0.0048205 -116.175 -0.501531 0.00607536 0.865118 1700.61
0.867154 -0.019745 0.497649 398.621 0.0196007 0.999793 0.00551357 -116.174 -0.497655 0.00497316 0.867361 1701.29
0.869242 -0.020308 0.493969 399.023 0.0196079 0.999786 0.00659851 -116.171 -0.493998 0.00394998 0.869454 1701.99
0.871122 -0.0214506 0.490599 399.432 0.0202233 0.999765 0.00780343 -116.168 -0.490651 0.00312379 0.871351 1702.7
0.87275 -0.0228412 0.487634 399.843 0.0212161 0.999736 0.00885641 -116.164 -0.487707 0.00261622 0.873003 1703.43
0.874093 -0.0241565 0.485158 400.253 0.0223577 0.999705 0.00949469 -116.16 -0.485245 0.00254779 0.874375 1704.16
0.875128 -0.0251082 0.48324 400.656 0.0234291 0.99968 0.00951321 -116.155 -0.483324 0.00299694 0.875437 1704.9
0.875916 -0.0256119 0.481782 401.054 0.0242846 0.999665 0.00899238 -116.15 -0.48185 0.0038237 0.876245 1705.64
0.876543 -0.0256417 0.48064 401.45 0.0248047 0.999659 0.00809539 -116.146 -0.480684 0.00482655 0.876881 1706.39
0.877089 -0.0251693 0.479669 401.848 0.0248684 0.999666 0.00698295 -116.143 -0.479684 0.00580428 0.877422 1707.15
0.877632 -0.024169 0.478724 402.251 0.0243555 0.999687 0.0058202 -116.143 -0.478715 0.00655161 0.877946 1707.92
0.878229 -0.022723 0.477699 402.661 0.023274 0.999718 0.00476612 -116.144 -0.477672 0.00693224 0.878511 1708.7
0.878863 -0.0212308 0.4766 403.076 0.0219931 0.99975 0.00397952 -116.147 -0.476566 0.00698452 0.879111 1709.49
0.87951 -0.0201399 0.475453 403.498 0.02094 0.999774 0.00361438 -116.151 -0.475419 0.00677712 0.879734 1710.28
0.880146 -0.019903 0.474285 403.923 0.0205466 0.999782 0.0038262 -116.155 -0.474258 0.00637735 0.880363 1711.08
0.880748 -0.0209649 0.473121 404.352 0.0212376 0.999763 0.00476634 -116.158 -0.473109 0.00584943 0.880985 1711.88
0.881277 -0.0233397 0.472023 404.783 0.0230453 0.999714 0.00640623 -116.159 -0.472038 0.00523168 0.881563 1712.69
0.881678 -0.0263164 0.471117 405.217 0.0253385 0.999643 0.00841992 -116.159 -0.471171 0.00451315 0.88203 1713.49
0.8819 -0.0291166 0.470537 405.655 0.0274223 0.999569 0.0104571 -116.158 -0.470638 0.00368045 0.882318 1714.31
0.881898 -0.0309541 0.470423 406.096 0.0285935 0.999517 0.012165 -116.156 -0.470572 0.00272216 0.882357 1715.12
0.881634 -0.0310749 0.470911 406.539 0.0281805 0.999515 0.0131978 -116.154 -0.471093 0.00163469 0.882082 1715.95
0.881126 -0.0295484 0.471958 406.985 0.026288 0.999563 0.0135022 -116.151 -0.47215 0.000509503 0.881518 1716.79
0.880467 -0.0273068 0.473322 407.435 0.0238433 0.999627 0.0133173 -116.147 -0.473509 -0.000440135 0.880789 1717.63
0.879753 -0.0253227 0.474756 407.888 0.0218126 0.999679 0.0129012 -116.142 -0.47493 -0.000994416 0.880023 1718.48
0.879095 -0.0245672 0.476013 408.343 0.0211609 0.999697 0.0125151 -116.137 -0.476177 -0.000929305 0.879349 1719.33
0.878596 -0.0259221 0.476862 408.802 0.0227632 0.999664 0.0124026 -116.131 -0.477023 -4.22999e-05 0.878891 1720.19
0.87829 -0.0292243 0.477233 409.262 0.0264379 0.999572 0.0125561 -116.124 -0.477396 0.00158881 0.878687 1721.05
0.878169 -0.033611 0.477168 409.725 0.031299 0.999428 0.0127973 -116.118 -0.477325 0.00369631 0.878719 1721.91
0.87823 -0.0382042 0.47671 410.188 0.0364443 0.999252 0.0129422 -116.112 -0.476847 0.00600681 0.878965 1722.77
0.878488 -0.0421316 0.475903 410.651 0.0409785 0.999078 0.0128056 -116.107 -0.476004 0.00825191 0.879404 1723.64
0.87896 -0.0446269 0.474803 411.113 0.0441 0.998952 0.0122535 -116.104 -0.474852 0.0101683 0.880007 1724.49
0.879603 -0.0457229 0.473507 411.576 0.0457424 0.998887 0.0114822 -116.102 -0.473505 0.0115595 0.880715 1725.35
0.880337 -0.0457736 0.472136 412.04 0.0461319 0.998877 0.0108246 -116.1 -0.472101 0.0122511 0.88146 1726.21
0.881081 -0.0451308 0.470807 412.507 0.0454947 0.998908 0.0106138 -116.099 -0.470772 0.0120674 0.882173 1727.08
0.88175 -0.0441492 0.469647 412.977 0.0440628 0.998966 0.011182 -116.097 -0.469656 0.0108344 0.882783 1727.96
0.882279 -0.0431287 0.468746 413.452 0.042076 0.999034 0.0127245 -116.094 -0.468842 0.00849665 0.883241 1728.86
0.882681 -0.0421767 0.468077 413.93 0.0398391 0.999095 0.0148987 -116.09 -0.468282 0.00549717 0.883562 1729.77
0.882984 -0.0413529 0.467578 414.408 0.0376707 0.999142 0.0172273 -116.084 -0.467889 0.00240271 0.883784 1730.68
0.883222 -0.0407145 0.467185 414.883 0.0358821 0.999171 0.0192414 -116.077 -0.467581 -0.000230678 0.88395 1731.59
0.883423 -0.0403212 0.466837 415.352 0.0347915 0.999186 0.0204635 -116.069 -0.467282 -0.00183578 0.884107 1732.49
0.883617 -0.0401337 0.466488 415.815 0.0344921 0.999193 0.0206304 -116.059 -0.466939 -0.0021391 0.884288 1733.37
0.883817 -0.0398881 0.466129 416.272 0.0345677 0.999203 0.0199626 -116.048 -0.466554 -0.00153005 0.884492 1734.24
0.884038 -0.0392866 0.46576 416.724 0.0345288 0.999228 0.0187476 -116.039 -0.466137 -0.000491262 0.884713 1735.1
0.884292 -0.0380339 0.465382 417.171 0.0338859 0.999277 0.0172797 -116.032 -0.465702 0.000489778 0.884942 1735.95
0.88459 -0.03584 0.46499 417.616 0.0321607 0.999357 0.0158456 -116.029 -0.465259 0.000936925 0.885174 1736.8
0.884917 -0.0328346 0.464589 418.059 0.0293871 0.99946 0.0146621 -116.029 -0.46482 0.000677549 0.885405 1737.66
0.885235 -0.0297733 0.464191 418.501 0.0263596 0.999556 0.0138428 -116.032 -0.464397 -1.89191e-05 0.885627 1738.51
0.88551 -0.0274463 0.463808 418.943 0.0239184 0.999623 0.0134883 -116.035 -0.464003 -0.000851199 0.885833 1739.37
0.885718 -0.0266574 0.463457 419.386 0.0229171 0.999643 0.0137012 -116.038 -0.463657 -0.00151494 0.886013 1740.23
0.885832 -0.028156 0.46315 419.833 0.0241529 0.999602 0.0145731 -116.037 -0.463376 -0.00172296 0.886161 1741.1
0.885862 -0.0317791 0.462859 420.281 0.0274969 0.999494 0.0159979 -116.034 -0.463133 -0.00144475 0.886288 1741.97
0.885854 -0.036545 0.462522 420.731 0.0319861 0.999331 0.017698 -116.028 -0.46286 -0.000883598 0.886431 1742.84
0.885869 -0.0414237 0.462083 421.181 0.0366108 0.999141 0.0193818 -116.021 -0.462489 -0.000252574 0.886626 1743.71
0.885984 -0.0454062 0.461487 421.632 0.0403809 0.998968 0.0207649 -116.012 -0.461954 0.000237864 0.886905 1744.57
0.886283 -0.0475538 0.460696 422.081 0.0423768 0.998869 0.0215788 -116.003 -0.4612 0.000398562 0.887296 1745.43
0.886762 -0.0478068 0.459747 422.528 0.0425642 0.998857 0.0217662 -115.994 -0.460261 0.000267936 0.887784 1746.28
0.88736 -0.0465932 0.458717 422.97 0.0413954 0.998914 0.0213839 -115.985 -0.459214 1.41694e-05 0.888326 1747.13
0.888008 -0.0443534 0.457683 423.404 0.0393352 0.999016 0.020492 -115.977 -0.458141 -0.000193401 0.88888 1747.97
0.888642 -0.0415183 0.456719 423.831 0.0368402 0.999138 0.019145 -115.969 -0.457119 -0.000186773 0.889405 1748.81
0.889207 -0.0384993 0.455882 424.247 0.0343238 0.999259 0.0174388 -115.962 -0.456216 0.000141629 0.889869 1749.64
0.889716 -0.0355163 0.455131 424.653 0.0318772 0.999369 0.0156713 -115.956 -0.455401 0.000566039 0.890287 1750.46
0.890202 -0.0327248 0.454389 425.05 0.0294864 0.999464 0.0142139 -115.953 -0.454611 0.000745806 0.89069 1751.27
0.890697 -0.0302901 0.453587 425.438 0.0271456 0.999541 0.0134438 -115.951 -0.453786 0.000339257 0.891111 1752.06
0.891235 -0.028367 0.452654 425.819 0.0248411 0.999597 0.013732 -115.951 -0.452861 -0.000994201 0.891581 1752.84
0.891838 -0.0270273 0.451547 426.192 0.0225661 0.999629 0.0152619 -115.954 -0.451792 -0.00342175 0.892117 1753.59
0.892492 -0.0260685 0.45031 426.559 0.0203229 0.999639 0.0175892 -115.957 -0.450606 -0.00654687 0.892699 1754.33
0.893173 -0.0252333 0.449004 426.92 0.0181151 0.999633 0.0201414 -115.961 -0.449348 -0.00985616 0.893303 1755.06
0.893859 -0.0242664 0.44769 427.275 0.0159454 0.999624 0.0223454 -115.963 -0.448064 -0.0128353 0.89391 1755.78
0.894526 -0.0229127 0.446427 427.624 0.0138111 0.999625 0.0236319 -115.962 -0.446802 -0.0149744 0.894508 1756.49
0.895156 -0.0210646 0.445254 427.967 0.0117423 0.999651 0.023686 -115.957 -0.445597 -0.015975 0.895091 1757.19
0.895754 -0.0188831 0.444148 428.305 0.00981304 0.999694 0.0227119 -115.95 -0.444441 -0.0159865 0.895666 1757.9
0.896325 -0.0165712 0.443086 428.635 0.00811404 0.999747 0.0209765 -115.944 -0.443322 -0.0152072 0.896234 1758.59
0.896879 -0.0143214 0.442043 428.958 0.00672833 0.999802 0.0187409 -115.938 -0.442224 -0.0138348 0.896798 1759.26
0.897423 -0.0123355 0.441 429.273 0.00574651 0.999851 0.0162732 -115.935 -0.441135 -0.0120699 0.897359 1759.92
0.897938 -0.0107735 0.439991 429.58 0.00524356 0.999891 0.0137816 -115.936 -0.440092 -0.0100681 0.897896 1760.56
0.898374 -0.00975691 0.439124 429.879 0.00528165 0.999921 0.0114116 -115.94 -0.4392 -0.00793281 0.898354 1761.18
0.898676 -0.00940707 0.438514 430.168 0.00592247 0.999939 0.00931329 -115.945 -0.438574 -0.00577274 0.898676 1761.78
0.89879 -0.00984152 0.43827 430.448 0.00723066 0.999944 0.00762549 -115.951 -0.43832 -0.00368493 0.898811 1762.35
0.898658 -0.0111584 0.438509 430.719 0.00924825 0.999936 0.00649264 -115.957 -0.438554 -0.00177978 0.898704 1762.91
0.89819 -0.0131726 0.439409 430.981 0.0117466 0.999913 0.00596515 -115.963 -0.439451 -0.000196846 0.898267 1763.44
0.897275 -0.0154819 0.4412 431.234 0.0142879 0.99988 0.00602971 -115.968 -0.441241 0.00089295 0.897389 1763.95
0.895801 -0.0176732 0.444104 431.479 0.0164175 0.999843 0.00667433 -115.974 -0.444153 0.00131164 0.89595 1764.45
0.893654 -0.0193398 0.448338 431.717 0.0176827 0.999812 0.00788311 -115.979 -0.448408 0.000882521 0.893829 1764.94
0.890702 -0.0201435 0.454142 431.949 0.0177027 0.999797 0.00962504 -115.984 -0.454243 -0.000532544 0.890878 1765.42
0.886739 -0.0202146 0.461829 432.178 0.0166682 0.999792 0.0117567 -115.988 -0.461971 -0.00272626 0.886891 1765.89
0.881503 -0.0199095 0.471759 432.406 0.0150437 0.999788 0.014083 -115.992 -0.471939 -0.00531624 0.881615 1766.35
0.874697 -0.0195764 0.484276 432.64 0.013292 0.999777 0.0164063 -115.995 -0.484488 -0.00791254 0.874762 1766.8
0.865997 -0.0195554 0.499667 432.882 0.011882 0.999758 0.0185333 -115.998 -0.499908 -0.0101117 0.86602 1767.23
0.855027 -0.0200927 0.518194 433.136 0.0111671 0.999731 0.0203367 -115.999 -0.518463 -0.0116022 0.855021 1767.64
0.841522 -0.0210349 0.539814 433.4 0.0109644 0.999701 0.0218613 -115.998 -0.540112 -0.0124785 0.8415 1768.03
0.82518 -0.022127 0.564437 433.674 0.0109334 0.999671 0.0232035 -115.997 -0.564764 -0.0129763 0.825151 1768.4
0.805676 -0.0231243 0.591905 433.955 0.010729 0.999644 0.0244483 -115.994 -0.592259 -0.0133474 0.805637 1768.75
0.78267 -0.0237909 0.621983 434.24 0.0100003 0.999621 0.025652 -115.991 -0.622357 -0.0138566 0.782612 1769.09
0.755737 -0.02401 0.654436 434.531 0.00855265 0.999604 0.0267973 -115.987 -0.65482 -0.0146541 0.755643 1769.41
0.724622 -0.0239331 0.688731 434.829 0.0066341 0.999592 0.0277557 -115.982 -0.689114 -0.0155429 0.724487 1769.71
0.689029 -0.0237207 0.724346 435.136 0.00456757 0.999586 0.0283895 -115.977 -0.724719 -0.0162523 0.688853 1769.98
0.648706 -0.0234939 0.760676 435.457 0.00268688 0.999587 0.0285817 -115.971 -0.761034 -0.0164968 0.648503 1770.23
0.603439 -0.0233424 0.797067 435.794 0.00133515 0.9996 0.0282631 -115.965 -0.797408 -0.0159908 0.603229 1770.46
0.553248 -0.0232703 0.832691 436.149 0.000613789 0.999621 0.0275277 -115.959 -0.833016 -0.0147186 0.553053 1770.66
0.498907 -0.0232212 0.866344 436.515 0.000232768 0.999645 0.0266603 -115.952 -0.866655 -0.0130993 0.498735 1770.83
0.441221 -0.0232159 0.897098 436.89 -0.000152283 0.999663 0.0259453 -115.945 -0.897398 -0.0115842 0.441069 1770.97
0.381058 -0.023343 0.924256 437.27 -0.000915794 0.999671 0.0256254 -115.938 -0.924551 -0.0106112 0.380911 1771.09
0.31972 -0.0237256 0.947215 437.651 -0.0024422 0.999662 0.0258638 -115.93 -0.947509 -0.0105831 0.319554 1771.19
0.257892 -0.0244534 0.965864 438.03 -0.00466667 0.999636 0.0265547 -115.923 -0.966163 -0.0113562 0.257685 1771.27
0.196388 -0.0254798 0.980195 438.409 -0.00704936 0.9996 0.0273968 -115.915 -0.980501 -0.0122907 0.19613 1771.32
0.135843 -0.0266368 0.990372 438.786 -0.00901317 0.999564 0.0281205 -115.908 -0.99069 -0.012747 0.135544 1771.35
0.0767237 -0.0276852 0.996668 439.164 -0.0099518 0.999543 0.0285314 -115.9 -0.997003 -0.0121083 0.0764133 1771.35
0.0198226 -0.028359 0.999401 439.542 -0.00930336 0.999549 0.0285483 -115.893 -0.99976 -0.00986335 0.0195499 1771.33
-0.0344684 -0.0284957 0.998999 439.919 -0.00732907 0.999574 0.0282597 -115.886 -0.999379 -0.00634733 -0.0346625 1771.28
-0.0855263 -0.028098 0.995939 440.294 -0.00479172 0.999602 0.0277903 -115.879 -0.996324 -0.00239512 -0.0856269 1771.21
-0.13283 -0.0272877 0.990763 440.665 -0.0024758 0.999627 0.0272004 -115.872 -0.991136 0.00116042 -0.132848 1771.13
-0.175882 -0.0262492 0.984061 441.031 -0.0011731 0.999649 0.0264559 -115.867 -0.984411 0.00349903 -0.175851 1771.04
-0.214439 -0.0251505 0.976413 441.391 -0.00149765 0.999676 0.0254212 -115.862 -0.976737 0.00398968 -0.214407 1770.94
-0.248787 -0.023969 0.968261 441.747 -0.00308239 0.999709 0.0239558 -115.858 -0.968554 0.00297604 -0.248788 1770.84
-0.27943 -0.0225388 0.959901 442.102 -0.00520731 0.999746 0.0219588 -115.854 -0.960152 0.00113817 -0.279476 1770.72
-0.306806 -0.0206403 0.951548 442.458 -0.0071511 0.999787 0.0193814 -115.849 -0.951746 -0.000857582 -0.306888 1770.6
-0.331498 -0.0180216 0.943284 442.819 -0.00820945 0.999835 0.0162172 -115.843 -0.94342 -0.00236851 -0.331591 1770.46
-0.35381 -0.0146059 0.935203 443.186 -0.00790656 0.999889 0.0126251 -115.836 -0.935284 -0.002928 -0.353886 1770.31
-0.374047 -0.0108438 0.927346 443.562 -0.00657159 0.999938 0.00904224 -115.828 -0.927387 -0.00271257 -0.374095 1770.14
-0.3923 -0.0073546 0.919808 443.949 -0.00471898 0.999971 0.00598315 -115.82 -0.919826 -0.00199402 -0.392323 1769.96
-0.408747 -0.00475542 0.912636 444.349 -0.00287218 0.999989 0.00392445 -115.813 -0.912643 -0.0010178 -0.408756 1769.77
-0.423539 -0.00367101 0.90587 444.763 -0.00157301 0.999993 0.00331636 -115.807 -0.905876 -2.00463e-05 -0.423543 1769.57
-0.436793 -0.00432861 0.899552 445.191 -0.00112115 0.99999 0.00426689 -115.804 -0.899561 0.000855499 -0.436794 1769.36
-0.448577 -0.00611532 0.893723 445.633 -0.00126502 0.99998 0.00620681 -115.802 -0.893743 0.00165394 -0.448576 1769.14
-0.45892 -0.0083048 0.888439 446.087 -0.00166856 0.999962 0.00848476 -115.801 -0.888476 0.0024117 -0.458917 1768.91
-0.467863 -0.0101701 0.883742 446.549 -0.00197598 0.999943 0.0104606 -115.799 -0.883798 0.00314817 -0.467857 1768.67
-0.475448 -0.0109952 0.879675 447.02 -0.00181524 0.999932 0.0115164 -115.796 -0.879741 0.00387854 -0.475436 1768.42
-0.481769 -0.0105215 0.876235 447.497 -0.000996524 0.999934 0.0114582 -115.793 -0.876297 0.0046469 -0.481748 1768.15
-0.487 -0.0090997 0.873354 447.984 0.00040884 0.999943 0.0106459 -115.788 -0.873402 0.0055415 -0.486969 1767.87
-0.491298 -0.00712585 0.870962 448.483 0.00230049 0.999952 0.00947812 -115.784 -0.870988 0.00666011 -0.491259 1767.58
-0.494835 -0.00499138 0.868972 448.994 0.00457491 0.999954 0.00834817 -115.781 -0.868975 0.00810632 -0.49479 1767.28
-0.497766 -0.0030738 0.867306 449.521 0.00712303 0.999945 0.00763287 -115.779 -0.867283 0.00997729 -0.497717 1766.98
-0.500079 -0.00152644 0.865978 450.066 0.00986348 0.999923 0.00745936 -115.778 -0.865924 0.0122719 -0.500026 1766.66
-0.501615 -0.00031635 0.865091 450.627 0.0127282 0.999889 0.00774689 -115.777 -0.864998 0.014897 -0.501555 1766.34
-0.502216 0.000599987 0.864742 451.206 0.0156656 0.999842 0.00840534 -115.776 -0.8646 0.0177681 -0.502146 1766
-0.50172 0.00125885 0.865029 451.803 0.018608 0.999783 0.00933867 -115.774 -0.86483 0.0207819 -0.501635 1765.66
-0.499997 0.00169606 0.866025 452.418 0.0214885 0.999714 0.0104477 -115.769 -0.865761 0.0238329 -0.499891 1765.31
-0.497212 0.00191538 0.867626 453.05 0.0240676 0.999643 0.0115849 -115.763 -0.867295 0.0266413 -0.497081 1764.95
-0.493691 0.00190689 0.869635 453.698 0.026019 0.999582 0.0125784 -115.756 -0.869248 0.0288364 -0.493535 1764.58
-0.489756 0.00166926 0.871858 454.363 0.027015 0.999547 0.0132608 -115.747 -0.871441 0.0300473 -0.48958 1764.21
-0.485745 0.00120978 0.874099 455.039 0.0267226 0.999552 0.0134658 -115.737 -0.873692 0.0298986 -0.48556 1763.83
-0.481954 0.000552056 0.876196 455.728 0.024923 0.999604 0.0130798 -115.727 -0.875841 0.0281414 -0.481778 1763.45
-0.478538 -0.00021797 0.878067 456.429 0.0219705 0.999684 0.0122225 -115.717 -0.877792 0.0251406 -0.478382 1763.07
-0.475608 -0.000997309 0.879657 457.138 0.0184097 0.999769 0.0110878 -115.708 -0.879464 0.0214678 -0.475481 1762.69
-0.473281 -0.00168849 0.88091 457.854 0.0147919 0.999842 0.00986425 -115.701 -0.880786 0.017699 -0.473182 1762.31
-0.471664 -0.00219926 0.881776 458.577 0.011658 0.999894 0.00872929 -115.697 -0.881701 0.0143976 -0.471588 1761.93
-0.470799 -0.00249394 0.882237 459.304 0.00936643 0.999926 0.00782447 -115.695 -0.882191 0.0119477 -0.47074 1761.55
-0.470506 -0.00271899 0.882393 460.035 0.00768059 0.999945 0.00717615 -115.695 -0.882363 0.0101543 -0.470459 1761.17
-0.470561 -0.00305175 0.882363 460.766 0.00625366 0.999958 0.00679304 -115.697 -0.882345 0.00871509 -0.470522 1760.79
-0.47074 -0.00366912 0.882265 461.499 0.00473396 0.999967 0.00668397 -115.699 -0.88226 0.00732357 -0.470706 1760.41
-0.470818 -0.00474429 0.882217 462.232 0.00277629 0.999973 0.0068594 -115.699 -0.882226 0.00567932 -0.470792 1760.03
-0.470772 -0.00631013 0.882232 462.962 0.000265046 0.999974 0.00729392 -115.699 -0.882255 0.0036681 -0.470757 1759.65
-0.470935 -0.00814682 0.88213 463.692 -0.00250305 0.999966 0.00789902 -115.698 -0.882164 0.00151241 -0.470939 1759.27
-0.471685 -0.0100086 0.88171 464.419 -0.00518825 0.99995 0.00857547 -115.698 -0.881751 -0.00052911 -0.471714 1758.9
-0.473403 -0.0116518 0.880769 465.147 -0.00745391 0.99993 0.00922205 -115.698 -0.880814 -0.00219893 -0.473456 1758.51
-0.476449 -0.0128321 0.879109 465.873 -0.00896148 0.999913 0.0097387 -115.699 -0.879156 -0.00323865 -0.476522 1758.13
-0.480935 -0.0134931 0.876652 466.597 -0.00961906 0.999903 0.0101132 -115.702 -0.876703 -0.00356929 -0.481018 1757.75
-0.486656 -0.0137776 0.873485 467.315 -0.00959226 0.9999 0.0104274 -115.705 -0.873541 -0.00330468 -0.486739 1757.36
-0.493386 -0.0138403 0.8697 468.025 -0.00906497 0.999901 0.0107698 -115.708 -0.869763 -0.00257065 -0.493463 1756.97
-0.500912 -0.013836 0.865388 468.724 -0.00822144 0.999903 0.011228 -115.708 -0.865459 -0.00149101 -0.500978 1756.57
-0.509016 -0.0139085 0.860644 469.409 -0.00724699 0.999903 0.0118737 -115.706 -0.860727 -0.000193107 -0.509068 1756.17
-0.517541 -0.0140632 0.855543 470.08 -0.00629863 0.9999 0.0126268 -115.702 -0.855635 0.00114622 -0.517578 1755.77
-0.52636 -0.0142113 0.850143 470.741 -0.00551507 0.999896 0.0133009 -115.697 -0.850244 0.00231255 -0.526384 1755.36
-0.535348 -0.0142697 0.844511 471.395 -0.0050316 0.999893 0.0137064 -115.693 -0.844617 0.00308854 -0.535363 1754.94
-0.544411 -0.0141611 0.838699 472.046 -0.00497863 0.999894 0.013652 -115.692 -0.838804 0.00325681 -0.544424 1754.52
-0.553413 -0.0138329 0.832793 472.695 -0.00544839 0.999901 0.012988 -115.693 -0.83289 0.00265011 -0.553433 1754.08
-0.562261 -0.013376 0.826852 473.342 -0.00629386 0.99991 0.0118957 -115.698 -0.826936 0.00148414 -0.562294 1753.64
-0.570866 -0.0129343 0.820942 473.984 -0.00726703 0.999917 0.0107009 -115.703 -0.821012 0.000142685 -0.570912 1753.19
-0.579109 -0.0126426 0.815153 474.617 -0.00812128 0.99992 0.00973871 -115.709 -0.81521 -0.000980564 -0.579165 1752.74
-0.586916 -0.0126276 0.80955 475.239 -0.00862206 0.999919 0.00934619 -115.713 -0.809603 -0.00149483 -0.586977 1752.29
-0.594169 -0.012962 0.804237 475.846 -0.00859182 0.999915 0.00976826 -115.714 -0.804295 -0.001106 -0.594229 1751.85
-0.600753 -0.0135023 0.799321 476.439 -0.00806504 0.999908 0.0108292 -115.713 -0.799394 5.89971e-05 -0.600807 1751.4
-0.606514 -0.0140525 0.794949 477.018 -0.0071283 0.999899 0.012237 -115.709 -0.795041 0.00175513 -0.606553 1750.96
-0.611326 -0.0144235 0.791248 477.586 -0.00585938 0.999889 0.0136999 -115.705 -0.791357 0.00373872 -0.611343 1750.53
-0.615049 -0.0144277 0.788357 478.142 -0.00433178 0.999879 0.0149192 -115.699 -0.788477 0.00576102 -0.615037 1750.09
-0.617585 -0.0139694 0.786381 478.688 -0.00262548 0.999873 0.0157 -115.693 -0.7865 0.0076314 -0.617543 1749.67
-0.618919 -0.0131751 0.785344 479.224 -0.000854437 0.99987 0.0161005 -115.688 -0.785454 0.00929387 -0.61885 1749.24
-0.619048 -0.0122041 0.785259 479.752 0.000859554 0.999868 0.016217 -115.684 -0.785353 0.010714 -0.618955 1748.83
-0.61796 -0.0112134 0.78613 480.271 0.00239464 0.999867 0.0161444 -115.682 -0.786206 0.0118591 -0.617851 1748.42
-0.615644 -0.0103585 0.787956 480.782 0.00362538 0.999866 0.015976 -115.683 -0.788016 0.0126925 -0.615524 1748.02
-0.61192 -0.00967512 0.79086 481.285 0.00448829 0.999867 0.0157039 -115.686 -0.790907 0.0131595 -0.611795 1747.64
-0.606364 -0.00902267 0.795136 481.78 0.00500561 0.999873 0.0151622 -115.69 -0.795172 0.0131743 -0.606241 1747.26
-0.598504 -0.00823891 0.801078 482.267 0.00520616 0.999886 0.0141724 -115.696 -0.801103 0.0126531 -0.598393 1746.91
-0.587841 -0.00715425 0.808945 482.745 0.00511086 0.999908 0.0125562 -115.702 -0.80896 0.0115158 -0.587751 1746.56
-0.573881 -0.00560832 0.81892 483.214 0.0047283 0.999938 0.0101618 -115.706 -0.818925 0.00970412 -0.573818 1746.24
-0.556285 -0.00378743 0.830983 483.675 0.00404942 0.999966 0.00726872 -115.71 -0.830982 0.00740884 -0.55625 1745.94
-0.534999 -0.0022481 0.84485 484.133 0.00305788 0.999985 0.00459761 -115.713 -0.844848 0.00504352 -0.534983 1745.66
-0.509914 -0.00158749 0.860224 484.592 0.00174622 0.999995 0.00288083 -115.716 -0.860224 0.00297148 -0.509907 1745.4
-0.480874 -0.0024356 0.876786 485.055 0.000143924 0.999996 0.00285709 -115.719 -0.87679 0.00150045 -0.480872 1745.17
-0.44786 -0.00534273 0.894088 485.526 -0.00162572 0.999985 0.00516064 -115.723 -0.894102 0.000857217 -0.447862 1744.96
-0.410628 -0.00982354 0.91175 486.006 -0.00330428 0.999951 0.00928516 -115.728 -0.911796 0.000799588 -0.410641 1744.78
-0.369008 -0.0147047 0.92931 486.49 -0.00456776 0.999891 0.0140073 -115.732 -0.929415 0.000923455 -0.369036 1744.62
-0.322695 -0.0187846 0.946316 486.976 -0.00513865 0.999823 0.0180939 -115.735 -0.946489 0.000975549 -0.322735 1744.49
-0.271566 -0.0208283 0.962194 487.463 -0.00485726 0.999783 0.0202706 -115.737 -0.962407 0.000830688 -0.271608 1744.38
-0.215539 -0.0198484 0.976293 487.946 -0.00379147 0.999803 0.0194895 -115.736 -0.976488 0.000499177 -0.215572 1744.31
-0.155131 -0.0163882 0.987757 488.426 -0.00225471 0.999866 0.0162352 -115.733 -0.987891 0.000291502 -0.155147 1744.26
-0.0911945 -0.0116289 0.995765 488.903 -0.000600477 0.999932 0.0116228 -115.729 -0.995833 0.000462014 -0.0911953 1744.24
-0.0247188 -0.0067825 0.999671 489.375 0.000915687 0.999976 0.00680744 -115.726 -0.999694 0.00108367 -0.024712 1744.26
0.0435276 -0.00304006 0.999047 489.845 0.0022376 0.999993 0.00294549 -115.725 -0.99905 0.00210733 0.0435342 1744.3
0.112428 -0.00133843 0.993659 490.311 0.0034883 0.999993 0.000952326 -115.726 -0.993654 0.00335918 0.112432 1744.37
0.181078 -0.00155993 0.983467 490.77 0.00466347 0.999989 0.000727536 -115.73 -0.983458 0.0044547 0.181083 1744.48
0.248696 -0.00328194 0.968576 491.221 0.00567922 0.999982 0.00193018 -115.734 -0.968565 0.0050208 0.248711 1744.61
0.314295 -0.00601583 0.949306 491.657 0.0063802 0.999971 0.0042246 -115.738 -0.949304 0.00472906 0.314325 1744.78
0.377224 -0.0092442 0.926076 492.077 0.00652794 0.999952 0.0073231 -115.741 -0.926099 0.00328307 0.377266 1744.98
0.436625 -0.0124798 0.899557 492.48 0.00598662 0.999922 0.010967 -115.742 -0.899624 0.000597013 0.436666 1745.21
0.491261 -0.0153712 0.870877 492.867 0.0050002 0.999878 0.014828 -115.741 -0.870998 -0.00292973 0.491278 1745.47
0.54019 -0.0176796 0.841357 493.241 0.0038358 0.999821 0.0185472 -115.737 -0.841534 -0.00679158 0.540161 1745.75
0.582703 -0.0192328 0.812458 493.607 0.0027072 0.99976 0.0217257 -115.731 -0.812681 -0.01046 0.582615 1746.04
0.618137 -0.0198911 0.785819 493.968 0.0017663 0.999712 0.0239165 -115.721 -0.786068 -0.0133963 0.617994 1746.35
0.646675 -0.0196368 0.762513 494.325 0.000974054 0.999689 0.0249193 -115.71 -0.762765 -0.0153726 0.646493 1746.67
0.669221 -0.0185763 0.742831 494.68 0.00011287 0.99969 0.0248987 -115.697 -0.743063 -0.0165796 0.669016 1747
0.686705 -0.0167872 0.726743 495.033 -0.00101849 0.99971 0.0240556 -115.684 -0.726935 -0.0172599 0.686489 1747.35
0.699902 -0.0143277 0.714095 495.383 -0.00258655 0.999741 0.0225948 -115.673 -0.714234 -0.0176618 0.699684 1747.7
0.709496 -0.011261 0.70462 495.732 -0.00471377 0.999774 0.020724 -115.664 -0.704695 -0.0180245 0.709282 1748.07
0.716051 -0.00775403 0.698005 496.081 -0.00729065 0.9998 0.0185854 -115.658 -0.69801 -0.0183965 0.715851 1748.45
0.720029 -0.00406394 0.693932 496.433 -0.0100321 0.999817 0.0162644 -115.654 -0.693872 -0.0186719 0.719856 1748.83
0.721848 -0.000442974 0.692051 496.794 -0.0126515 0.999824 0.0138359 -115.651 -0.691936 -0.0187424 0.721715 1749.23
0.721892 0.00284064 0.692 497.164 -0.014847 0.999825 0.0113837 -115.65 -0.691847 -0.0184915 0.721807 1749.64
0.720535 0.0055538 0.693396 497.549 -0.0163631 0.999826 0.00899593 -115.649 -0.693226 -0.017828 0.7205 1750.05
0.718121 0.0076037 0.695877 497.948 -0.0172507 0.999828 0.0068778 -115.647 -0.695705 -0.0169435 0.718128 1750.46
0.714971 0.00897236 0.699096 498.36 -0.0177166 0.999829 0.00528744 -115.645 -0.698929 -0.016166 0.715008 1750.88
0.711416 0.00963183 0.702705 498.783 -0.01797 0.999829 0.00448897 -115.641 -0.702541 -0.0158212 0.711467 1751.31
0.707788 0.00955294 0.70636 499.215 -0.018224 0.999823 0.00473961 -115.636 -0.70619 -0.0162274 0.707836 1751.74
0.704387 0.00873556 0.709762 499.657 -0.0186161 0.999807 0.00617 -115.628 -0.709571 -0.017559 0.704415 1752.18
0.701395 0.00733453 0.712736 500.106 -0.0189242 0.999786 0.00833488 -115.619 -0.712522 -0.019334 0.701384 1752.62
0.698937 0.00555089 0.715162 500.564 -0.0188207 0.999766 0.0106341 -115.609 -0.714935 -0.0208924 0.698879 1753.08
0.697154 0.0035992 0.716913 501.029 -0.0179728 0.999761 0.0124585 -115.6 -0.716696 -0.0215703 0.697052 1753.53
0.69617 0.00167921 0.717875 501.504 -0.0160341 0.999784 0.0132108 -115.592 -0.717699 -0.0207079 0.696046 1754
0.696049 -9.31584e-06 0.717995 501.984 -0.0129469 0.999837 0.0125643 -115.587 -0.717879 -0.0180416 0.695935 1754.48
0.696654 -0.0013686 0.717407 502.474 -0.00930059 0.999897 0.0109392 -115.582 -0.717348 -0.0142936 0.696568 1754.96
0.697821 -0.00228457 0.716269 502.972 -0.00584956 0.999943 0.00888838 -115.579 -0.716249 -0.0103928 0.697767 1755.45
0.699388 -0.00264926 0.714738 503.477 -0.00332364 0.99997 0.00695889 -115.577 -0.714735 -0.00724294 0.699358 1755.96
0.701197 -0.00234691 0.712963 503.991 -0.00244684 0.999981 0.0056976 -115.575 -0.712963 -0.00574 0.701179 1756.48
0.703135 -0.00145137 0.711055 504.512 -0.00336688 0.99998 0.00536992 -115.573 -0.711049 -0.00617016 0.703116 1757.01
0.705181 -0.000363786 0.709026 505.041 -0.00526147 0.99997 0.00574542 -115.571 -0.709007 -0.00778244 0.705159 1757.55
0.707324 0.000476499 0.706889 505.575 -0.00721626 0.999953 0.00654608 -115.569 -0.706852 -0.00973165 0.707295 1758.1
0.70956 0.000628129 0.704644 506.115 -0.00832593 0.999937 0.00749208 -115.567 -0.704596 -0.0111833 0.709521 1758.65
0.711875 -0.000334649 0.702306 506.659 -0.00771732 0.999936 0.00829903 -115.566 -0.702264 -0.0113276 0.711827 1759.2
0.714184 -0.00232035 0.699954 507.208 -0.00541055 0.999946 0.00883547 -115.564 -0.699937 -0.0100971 0.714134 1759.76
0.716317 -0.00467562 0.69776 507.76 -0.00237203 0.999955 0.00913581 -115.563 -0.697771 -0.00819902 0.716274 1760.33
0.718115 -0.00672269 0.695893 508.316 0.0003969 0.999957 0.00925064 -115.559 -0.695925 -0.0063666 0.718087 1760.9
0.719427 -0.00777721 0.694525 508.876 0.00189258 0.999956 0.00923706 -115.554 -0.694565 -0.00533073 0.71941 1761.48
0.720113 -0.00721276 0.693819 509.438 0.00119492 0.999958 0.00915485 -115.546 -0.693856 -0.00576402 0.720091 1762.07
0.720185 -0.00512851 0.693763 510.005 -0.00158219 0.999958 0.0090342 -115.536 -0.69378 -0.00760451 0.720146 1762.68
0.719748 -0.00210903 0.694232 510.577 -0.00563626 0.999945 0.00888093 -115.525 -0.694213 -0.0103055 0.719696 1763.29
0.718915 0.0012507 0.695097 511.155 -0.0101504 0.999911 0.00869883 -115.517 -0.695024 -0.0133098 0.718863 1763.91
0.717803 0.00437393 0.696232 511.74 -0.0143295 0.999862 0.00849179 -115.513 -0.696099 -0.0160727 0.717765 1764.54
0.71654 0.00673301 0.697514 512.333 -0.0174441 0.999814 0.00826873 -115.514 -0.697329 -0.0180919 0.716523 1765.16
0.715203 0.00827987 0.698868 512.935 -0.0194275 0.999779 0.0080366 -115.52 -0.698647 -0.0193246 0.715206 1765.79
0.713861 0.00913633 0.700229 513.54 -0.0204515 0.99976 0.00780506 -115.527 -0.69999 -0.019892 0.713876 1766.41
0.712572 0.00943233 0.701536 514.147 -0.0206986 0.999757 0.00758211 -115.534 -0.701294 -0.0199231 0.712594 1767.03
0.711397 0.00929705 0.70273 514.754 -0.0203501 0.999766 0.00737391 -115.539 -0.702496 -0.0195463 0.711419 1767.64
0.71038 0.00883893 0.703763 515.359 -0.0195687 0.999782 0.00719557 -115.539 -0.703546 -0.0188833 0.710398 1768.25
0.709524 0.00809029 0.704635 515.962 -0.0184506 0.999804 0.00709902 -115.537 -0.704439 -0.0180378 0.709535 1768.86
0.708818 0.00706361 0.705357 516.564 -0.0170744 0.999829 0.0071453 -115.532 -0.705185 -0.0171082 0.708817 1769.46
0.708253 0.00577433 0.705936 517.165 -0.0155228 0.999852 0.00739491 -115.529 -0.705789 -0.0161955 0.708237 1770.06
0.707816 0.00423601 0.706383 517.764 -0.0138759 0.999873 0.00790765 -115.527 -0.706261 -0.0153983 0.707785 1770.66
0.707507 0.00250055 0.706701 518.364 -0.0122232 0.999888 0.00869882 -115.528 -0.706601 -0.0147921 0.707458 1771.26
0.70734 0.000723356 0.706872 518.962 -0.0106924 0.999896 0.00967588 -115.531 -0.706793 -0.0144017 0.707275 1771.86
0.707334 -0.000932247 0.706878 519.558 -0.00940891 0.999899 0.0107333 -115.533 -0.706817 -0.0142424 0.707254 1772.47
0.707509 -0.00230411 0.7067 520.153 -0.00849752 0.999895 0.0117669 -115.534 -0.706654 -0.0143298 0.707415 1773.07
0.707883 -0.00322779 0.706322 520.744 -0.00808383 0.999887 0.0126705 -115.532 -0.706283 -0.0146789 0.707777 1773.67
0.708481 -0.00358729 0.705721 521.332 -0.00822386 0.999877 0.013338 -115.526 -0.705682 -0.0152534 0.708364 1774.26
0.709333 -0.00333479 0.704866 521.918 -0.00887661 0.999867 0.0136627 -115.518 -0.704818 -0.0159482 0.709208 1774.86
0.710462 -0.00243013 0.703731 522.5 -0.00998866 0.999858 0.0135363 -115.511 -0.703665 -0.0166463 0.710336 1775.46
0.711898 -0.000830825 0.702283 523.079 -0.0115131 0.999851 0.012853 -115.506 -0.702189 -0.0172354 0.711782 1776.06
0.713659 0.00149126 0.700491 523.656 -0.0133942 0.999844 0.0115174 -115.505 -0.700365 -0.0176027 0.713568 1776.66
0.715681 0.00435126 0.698414 524.23 -0.0154755 0.999834 0.00962892 -115.509 -0.698256 -0.0177002 0.715629 1777.26
0.71781 0.007352 0.6962 524.801 -0.0174899 0.999819 0.00747451 -115.515 -0.69602 -0.0175424 0.717809 1777.87
0.719905 0.0101027 0.693999 525.369 -0.0191755 0.999802 0.00533688 -115.523 -0.693808 -0.0171505 0.719956 1778.48
0.721857 0.0122369 0.691934 525.942 -0.0202762 0.999788 0.0034717 -115.53 -0.691745 -0.0165365 0.721953 1779.09
0.723461 0.0133 0.690238 526.493 -0.0205069 0.999787 0.00222985 -115.535 -0.690061 -0.0157684 0.723579 1779.68
0.724913 0.0132647 0.688713 527.05 -0.0198762 0.999801 0.00166515 -115.538 -0.688554 -0.0148966 0.725032 1780.28
0.726411 0.0121414 0.687153 527.603 -0.0184741 0.999828 0.00186399 -115.54 -0.687013 -0.0140491 0.72651 1780.87
0.728185 0.00996637 0.685309 528.157 -0.0163992 0.999862 0.00288479 -115.543 -0.685186 -0.0133397 0.728246 1781.46
0.73045 0.00678408 0.682933 528.709 -0.0137563 0.999894 0.00478131 -115.546 -0.682828 -0.0128877 0.730465 1782.06
0.733374 0.00269946 0.67982 529.261 -0.0106693 0.999915 0.00753986 -115.552 -0.679742 -0.0127825 0.73334 1782.65
0.736829 -0.00180252 0.676077 529.813 -0.00742227 0.999915 0.0107557 -115.558 -0.676038 -0.0129429 0.736753 1783.25
0.740597 -0.00611062 0.671922 530.364 -0.00435629 0.999894 0.0138954 -115.563 -0.671936 -0.0132177 0.740491 1783.86
0.744469 -0.00961543 0.667587 530.91 -0.0018177 0.999864 0.0164289 -115.565 -0.667654 -0.013444 0.74435 1784.47
0.748247 -0.0117071 0.663316 531.452 -0.000162579 0.999841 0.0178295 -115.561 -0.66342 -0.0134484 0.748127 1785.08
0.75182 -0.0119722 0.659259 531.988 0.000347366 0.999842 0.0177606 -115.552 -0.659368 -0.0131235 0.751706 1785.69
0.755331 -0.010643 0.655256 532.517 -0.000217779 0.999864 0.0164909 -115.54 -0.655343 -0.0125984 0.755227 1786.31
0.758968 -0.00808535 0.651077 533.04 -0.0017145 0.999894 0.0144153 -115.527 -0.651126 -0.0120567 0.758875 1786.93
0.762927 -0.00464835 0.646468 533.558 -0.00400589 0.999921 0.0119169 -115.518 -0.646472 -0.0116811 0.762848 1787.56
0.767374 -0.000697379 0.6412 534.071 -0.00693888 0.999931 0.00939127 -115.515 -0.641162 -0.0116557 0.767317 1788.19
0.772363 0.0033984 0.635173 534.577 -0.0103022 0.999921 0.00717683 -115.52 -0.635098 -0.0120866 0.772337 1788.81
0.777735 0.00725544 0.628551 535.081 -0.013781 0.999889 0.00550949 -115.53 -0.628442 -0.0129469 0.777749 1789.45
0.78329 0.0104704 0.621569 535.579 -0.0170304 0.999844 0.00461833 -115.542 -0.621424 -0.0142029 0.783346 1790.09
0.788865 0.0126565 0.614436 536.076 -0.0197176 0.999794 0.0047203 -115.554 -0.61425 -0.0158388 0.788952 1790.74
0.794286 0.0134303 0.607396 536.569 -0.0215047 0.99975 0.0060152 -115.561 -0.607163 -0.0178403 0.794377 1791.4
0.79941 0.0129145 0.600648 537.06 -0.0224212 0.999713 0.00834525 -115.564 -0.600368 -0.0201392 0.79947 1792.06
0.804124 0.011832 0.594345 537.548 -0.0229396 0.999674 0.0111346 -115.563 -0.59402 -0.0225883 0.804133 1792.74
0.808297 0.0109424 0.588675 538.031 -0.0235649 0.999627 0.0137745 -115.559 -0.588304 -0.0250065 0.808253 1793.41
0.811819 0.0109988 0.583807 538.508 -0.0248139 0.999569 0.0156729 -115.555 -0.583383 -0.0272108 0.811741 1794.09
0.81459 0.0126964 0.579898 538.981 -0.027173 0.999498 0.0162879 -115.552 -0.579401 -0.0290254 0.814526 1794.77
0.816704 0.015833 0.576839 539.447 -0.0304656 0.999412 0.0157031 -115.549 -0.576252 -0.0303984 0.816707 1795.45
0.818409 0.0195102 0.574305 539.909 -0.0339924 0.999317 0.0144927 -115.546 -0.57363 -0.0313828 0.818514 1796.13
0.819956 0.0228003 0.571971 540.364 -0.0370269 0.999226 0.0132495 -115.541 -0.571227 -0.0320422 0.820167 1796.81
0.82162 0.0248225 0.569494 540.817 -0.0388809 0.999165 0.0125445 -115.534 -0.568708 -0.0324492 0.8219 1797.48
0.823643 0.0247923 0.566567 541.269 -0.0389301 0.999159 0.0128719 -115.523 -0.565772 -0.0326587 0.823915 1798.15
0.826065 0.0229366 0.563109 541.718 -0.0373338 0.999204 0.0140676 -115.51 -0.562338 -0.0326441 0.826263 1798.83
0.828844 0.0199593 0.559124 542.165 -0.034625 0.999278 0.0156559 -115.497 -0.558408 -0.0323363 0.828936 1799.5
0.831926 0.0165766 0.554639 542.61 -0.0313503 0.999361 0.017155 -115.484 -0.554001 -0.0316601 0.831914 1800.18
0.835272 0.0134917 0.549671 543.054 -0.0280517 0.999443 0.0180951 -115.473 -0.549121 -0.0305338 0.835185 1800.86
0.838844 0.0112286 0.544256 543.495 -0.0251451 0.99952 0.0181334 -115.467 -0.543791 -0.0288969 0.838723 1801.54
0.842587 0.00947908 0.538477 543.937 -0.0224174 0.999596 0.0174807 -115.463 -0.538093 -0.0268006 0.842459 1802.23
0.846421 0.00770541 0.532459 544.377 -0.0194867 0.999674 0.0165096 -115.461 -0.532158 -0.0243503 0.846295 1802.93
0.85029 0.00535848 0.526287 544.819 -0.0159472 0.999752 0.0155851 -115.459 -0.526073 -0.021645 0.850164 1803.63
0.854116 0.00189869 0.520078 545.262 -0.0113999 0.999822 0.0150706 -115.457 -0.519957 -0.018801 0.853986 1804.35
0.85782 -0.00285086 0.513941 545.706 -0.00576658 0.999868 0.0151702 -115.453 -0.513917 -0.015977 0.857691 1805.07
0.861329 -0.00808351 0.507983 546.148 0.000134974 0.999877 0.015681 -115.447 -0.508047 -0.013438 0.861224 1805.8
0.864588 -0.0128189 0.502318 546.583 0.00533116 0.999852 0.0163386 -115.44 -0.502453 -0.0114482 0.864529 1806.53
0.867572 -0.0160858 0.497051 547.009 0.00885943 0.999818 0.0168918 -115.433 -0.497232 -0.0102513 0.867557 1807.27
0.87026 -0.0169063 0.492303 547.422 0.00974718 0.999806 0.017104 -115.426 -0.492497 -0.0100863 0.870255 1808.02
0.872628 -0.0150379 0.488155 547.821 0.00777758 0.999826 0.0168969 -115.419 -0.488325 -0.010948 0.872593 1808.77
0.874654 -0.0114396 0.484614 548.21 0.00397394 0.999857 0.0164297 -115.412 -0.484733 -0.0124444 0.874574 1809.52
0.876315 -0.00718866 0.481685 548.593 -0.000523167 0.999873 0.0158737 -115.406 -0.481739 -0.0141624 0.8762 1810.27
0.877601 -0.00337469 0.47938 548.975 -0.00456133 0.999871 0.0153891 -115.399 -0.479371 -0.0156921 0.877472 1811.02
0.878526 -0.0010316 0.477693 549.361 -0.00704432 0.999861 0.0151142 -115.393 -0.477641 -0.0166437 0.878397 1811.76
0.87916 -0.000452983 0.476525 549.753 -0.00762484 0.999858 0.0150175 -115.388 -0.476464 -0.0168368 0.879033 1812.49
0.879624 -0.00114338 0.475667 550.15 -0.00675575 0.999866 0.0148962 -115.383 -0.47562 -0.016317 0.879499 1813.23
0.880034 -0.0025708 0.474903 550.553 -0.00492643 0.999882 0.0145414 -115.378 -0.474884 -0.015137 0.879918 1813.97
0.880504 -0.00420342 0.474019 550.96 -0.00262659 0.999902 0.0137454 -115.374 -0.47403 -0.0133484 0.880408 1814.71
0.881143 -0.00552809 0.472818 551.373 -0.000344293 0.999923 0.012334 -115.371 -0.472851 -0.011031 0.881073 1815.47
0.881936 -0.00624642 0.471328 551.788 0.00146993 0.999943 0.010503 -115.369 -0.471368 -0.00857042 0.881895 1816.23
0.882792 -0.0061906 0.469723 552.201 0.00238817 0.999959 0.00869187 -115.368 -0.469758 -0.00655161 0.882771 1817
0.883624 -0.00519179 0.468169 552.61 0.00198974 0.999971 0.00733526 -115.367 -0.468194 -0.00555035 0.883608 1817.76
0.884333 -0.00308001 0.466847 553.01 -0.000146491 0.999976 0.00687627 -115.366 -0.466857 -0.00614957 0.884311 1818.52
0.884833 0.000234023 0.465907 553.399 -0.00429014 0.999961 0.007647 -115.366 -0.465887 -0.00876548 0.884801 1819.26
0.88513 0.00432003 0.465324 553.778 -0.00977531 0.999909 0.00931294 -115.366 -0.46524 -0.0127922 0.885092 1820
0.885271 0.00854429 0.464997 554.152 -0.0155739 0.999815 0.0112799 -115.366 -0.464814 -0.0172279 0.885241 1820.73
0.885319 0.0122572 0.464822 554.524 -0.0206369 0.999703 0.0129456 -115.367 -0.464525 -0.0210538 0.88531 1821.46
0.885353 0.0148274 0.464684 554.898 -0.0239402 0.999619 0.0137158 -115.368 -0.464304 -0.0232673 0.88537 1822.2
0.885443 0.0158157 0.464479 555.278 -0.0247937 0.999605 0.013227 -115.369 -0.464086 -0.0232273 0.885485 1822.94
0.885627 0.0155139 0.464139 555.661 -0.0237991 0.999645 0.0119973 -115.37 -0.463788 -0.0216705 0.885681 1823.7
0.885926 0.0143853 0.463604 556.047 -0.0218556 0.999703 0.0107442 -115.369 -0.463312 -0.0196502 0.885977 1824.45
0.886363 0.0128995 0.462813 556.431 -0.0198712 0.99975 0.0101909 -115.367 -0.462566 -0.0182288 0.886397 1825.21
0.886963 0.0115186 0.461697 556.813 -0.0187381 0.999763 0.0110539 -115.361 -0.461461 -0.0184555 0.886969 1825.96
0.887715 0.0105194 0.460273 557.19 -0.0188725 0.99973 0.0135493 -115.352 -0.460006 -0.0207142 0.887675 1826.71
0.888518 0.0097405 0.458739 557.559 -0.0196121 0.999667 0.0167588 -115.342 -0.458423 -0.0238872 0.888413 1827.44
0.889258 0.00895298 0.457318 557.921 -0.020157 0.999604 0.0196249 -115.334 -0.456962 -0.0266696 0.889087 1828.15
0.88982 0.00792596 0.456242 558.273 -0.0197087 0.999584 0.0210721 -115.33 -0.455885 -0.0277421 0.889606 1828.84
